3610 255.000000
3611 164.000000
3612 249.000000
3613 186.000000
3614 314.000000
3615 253.000000
3616 175.000000
3617 33.000000
3618 3394.000000
3619 326.000000
3620 104.000000
3621 446.000000
3622 159.000000
3623 1804.000000
3624 54.000000
3625 671.000000
3626 34.000000
3627 51.000000
3628 3.000000
3629 61.000000
3630 122.000000
3631 16.000000
3632 299.000000
3633 119.000000
3634 281.000000
3635 753.000000
3636 293.000000
3637 462.000000
3638 63.000000
3639 889.000000
3640 237.000000
3641 813.000000
3642 313.000000
3643 58.000000
3644 152.000000
3645 229.000000
3646 1295.000000
3647 33.000000
3648 125.000000
3649 45.000000
3650 425.000000
3651 167.000000
3652 1.000000
3653 87.000000
3654 86.000000
3655 35.000000
3656 116.000000
3657 368.000000
3658 674.000000
3659 127.000000
3660 80.000000
3661 188.000000
3662 4.000000
3663 1095.000000
3664 220.000000
3665 101.000000
3666 6.000000
3667 59.000000
3668 443.000000
3669 0.000000
3670 550.000000
3671 13.000000
3672 68.000000
3673 93.000000
3674 34.000000
3675 483.000000
3676 41.000000
3677 71.000000
3678 207.000000
3679 217.000000
3680 47.000000
3681 145.000000
3682 890.000000
3683 791.000000
3684 28.000000
3685 48.000000
3686 113.000000
3687 92.000000
3688 7.000000
3689 113.000000
3690 123.000000
3691 704.000000
3692 15.000000
3693 92.000000
3694 3820.000000
3695 11.000000
3696 17.000000
3697 118.000000
3698 190.000000
3699 0.000000
3700 329.000000
3701 246.000000
3702 322.000000
3703 143.000000
3704 106.000000
3705 0.000000
3706 464.000000
3707 32.000000
3708 95.000000
3709 134.000000
3710 146.000000
3711 455.000000
3712 944.000000
3713 94.000000
3714 57.000000
3715 1377.000000
3716 53.000000
3717 1.000000
3718 40.000000
3719 15.000000
3720 122.000000
3721 631.000000
3722 0.000000
3723 9.000000
3724 392.000000
3725 468.000000
3726 6.000000
3727 19.000000
3728 1100.000000
3729 6.000000
3730 99.000000
3731 118.000000
3732 84.000000
3733 30.000000
3734 1038.000000
3735 12.000000
3736 0.000000
3737 38.000000
3738 532.000000
3739 34.000000
3740 144.000000
3741 1990.000000
3742 15.000000
3743 333.000000
3744 100.000000
3745 323.000000
3746 81.000000
3747 0.000000
3748 230.000000
3749 49.000000
3750 252.000000
3751 51.000000
3752 842.000000
3753 607.000000
3754 1178.000000
3755 88.000000
3756 2.000000
3757 0.000000
3758 1218.000000
3759 682.000000
3760 45.000000
3761 6989.000000
3762 237.000000
3763 1446.000000
3764 0.000000
3765 8.000000
3766 18.000000
3767 2.000000
3768 42.000000
3769 1121.000000
3770 789.000000
3771 1116.000000
3772 670.000000
3773 70.000000
3774 666.000000
3775 727.000000
3776 271.000000
3777 3.000000
3778 828.000000
3779 278.000000
3780 371.000000
3781 222.000000
3782 704.000000
3783 2342.000000
3784 20.000000
3785 351.000000
3786 1195.000000
3787 21.000000
3788 1167.000000
3789 13.000000
3790 0.000000
3791 0.000000
3792 427.000000
3793 44.000000
3794 32.000000
3795 3.000000
3796 1230.000000
3797 158.000000
3798 269.000000
3799 89.000000
3800 173.000000
3801 438.000000
3802 37.000000
3803 47.000000
3804 1548.000000
3805 524.000000
3806 545.000000
3807 73.000000
3808 169.000000
3809 121.000000
3810 137.000000
3811 2322.000000
3812 14.000000
3813 745.000000
3814 229.000000
3815 94.000000
3816 285.000000
3817 223.000000
3818 514.000000
3819 9.000000
3820 336.000000
3821 574.000000
3822 62.000000
3823 299.000000
3824 141.000000
3825 262.000000
3826 265.000000
3827 27.000000
3828 72.000000
3829 198.000000
3830 27.000000
3831 176.000000
3832 191.000000
3833 26.000000
3834 332.000000
3835 52.000000
3836 275.000000
3837 542.000000
3838 586.000000
3839 129.000000
3840 15.000000
3841 705.000000
3842 28.000000
3843 14.000000
3844 815.000000
3845 113.000000
3846 54.000000
3847 114.000000
3848 2704.000000
3849 136.000000
3850 110.000000
3851 1600.000000
3852 188.000000
3853 68.000000
3854 12.000000
3855 239.000000
3856 181.000000
3857 359.000000
3858 0.000000
3859 56.000000
3860 35.000000
3861 392.000000
3862 15.000000
3863 258.000000
3864 425.000000
3865 45.000000
3866 699.000000
3867 23.000000
3868 0.000000
3869 193.000000
3870 52.000000
3871 10.000000
3872 289.000000
3873 225.000000
3874 203.000000
3875 34.000000
3876 138.000000
3877 94.000000
3878 75.000000
3879 247.000000
3880 240.000000
3881 25.000000
3882 1.000000
3883 220.000000
3884 670.000000
3885 40.000000
3886 23.000000
3887 314.000000
3888 178.000000
3889 54.000000
3890 171.000000
3891 121.000000
3892 582.000000
3893 289.000000
3894 58.000000
3895 31.000000
3896 122.000000
3897 0.000000
3898 138.000000
3899 201.000000
3900 156.000000
3901 60.000000
3902 331.000000
3903 1845.000000
3904 1888.000000
3905 331.000000
3906 74.000000
3907 2.000000
3908 93.000000
3909 425.000000
3910 42.000000
3911 168.000000
3912 133.000000
3913 2032.000000
3914 122.000000
3915 850.000000
3916 219.000000
3917 31.000000
3918 0.000000
3919 159.000000
3920 83.000000
3921 176.000000
3922 293.000000
3923 150.000000
3924 36.000000
3925 341.000000
3926 514.000000
3927 20.000000
3928 54.000000
3929 133.000000
3930 373.000000
3931 787.000000
3932 0.000000
3933 195.000000
3934 125.000000
3935 38.000000
3936 24.000000
3937 594.000000
3938 1346.000000
3939 150.000000
3940 30.000000
3941 2079.000000
3942 162.000000
3943 37.000000
3944 167.000000
3945 322.000000
3946 0.000000
3947 368.000000
3948 508.000000
3949 913.000000
3950 86.000000
3951 350.000000
3952 663.000000
3953 568.000000
3954 3165.000000
3955 13.000000
3956 19.000000
3957 155.000000
3958 0.000000
3959 106.000000
3960 1056.000000
3961 31.000000
3962 89.000000
3963 60.000000
3964 189.000000
3965 110.000000
3966 0.000000
3967 1.000000
3968 265.000000
3969 224.000000
3970 84.000000
3971 228.000000
3972 90.000000
3973 216.000000
3974 8.000000
3975 772.000000
3976 1218.000000
3977 96.000000
3978 224.000000
3979 399.000000
3980 34.000000
3981 66.000000
3982 47.000000
3983 430.000000
3984 15.000000
3985 19.000000
3986 10.000000
3987 174.000000
3988 829.000000
3989 5745.000000
3990 517.000000
3991 80.000000
3992 417.000000
3993 41.000000
3994 103.000000
3995 74.000000
3996 415.000000
3997 679.000000
3998 37.000000
3999 208.000000
4000 140.000000
4001 159.000000
4002 41.000000
4003 35.000000
4004 442.000000
4005 158.000000
4006 0.000000
4007 260.000000
4008 325.000000
4009 42.000000
4010 148.000000
4011 327.000000
4012 265.000000
4013 37.000000
4014 1.000000
4015 17.000000
4016 174.000000
4017 256.000000
4018 151.000000
4019 107.000000
4020 388.000000
4021 33.000000
4022 330.000000
4023 48.000000
4024 88.000000
4025 279.000000
4026 318.000000
4027 22.000000
4028 31.000000
4029 242.000000
4030 1795.000000
4031 130.000000
4032 75.000000
4033 281.000000
4034 128.000000
4035 389.000000
4036 79.000000
4037 191.000000
4038 75.000000
4039 124.000000
4040 54.000000
4041 1015.000000
4042 70.000000
4043 1277.000000
4044 1145.000000
4045 0.000000
4046 528.000000
4047 101.000000
4048 23.000000
4049 51.000000
4050 177.000000
4051 185.000000
4052 0.000000
4053 73.000000
4054 114.000000
4055 373.000000
4056 595.000000
4057 93.000000
4058 120.000000
4059 347.000000
4060 540.000000
4061 137.000000
4062 0.000000
4063 98.000000
4064 495.000000
4065 1.000000
4066 171.000000
4067 53.000000
4068 69.000000
4069 126.000000
4070 85.000000
4071 313.000000
4072 319.000000
4073 844.000000
4074 97.000000
4075 38.000000
4076 510.000000
4077 0.000000
4078 78.000000
4079 79.000000
4080 188.000000
4081 0.000000
4082 224.000000
4083 17.000000
4084 32.000000
4085 394.000000
4086 306.000000
4087 325.000000
4088 35.000000
4089 13.000000
4090 110.000000
4091 35.000000
4092 12.000000
4093 241.000000
4094 473.000000
4095 85.000000
4096 1461.000000
4097 1341.000000
4098 162.000000
4099 995.000000
4100 272.000000
4101 243.000000
4102 639.000000
4103 1895.000000
4104 1.000000
4105 31.000000
4106 936.000000
4107 333.000000
4108 58.000000
4109 77.000000
4110 36.000000
4111 1214.000000
4112 237.000000
4113 12.000000
4114 98.000000
4115 3.000000
4116 135.000000
4117 142.000000
4118 403.000000
4119 175.000000
4120 119.000000
4121 2.000000
4122 51.000000
4123 262.000000
4124 434.000000
4125 26.000000
4126 486.000000
4127 13.000000
4128 0.000000
4129 0.000000
4130 273.000000
4131 0.000000
4132 224.000000
4133 19.000000
4134 327.000000
4135 1973.000000
4136 21.000000
4137 730.000000
4138 0.000000
4139 0.000000
4140 21.000000
4141 9.000000
4142 180.000000
4143 31.000000
4144 136.000000
4145 255.000000
4146 551.000000
4147 57.000000
4148 87.000000
4149 595.000000
4150 114.000000
4151 57.000000
4152 522.000000
4153 1192.000000
4154 1942.000000
4155 269.000000
4156 223.000000
4157 130.000000
4158 136.000000
4159 6.000000
4160 471.000000
4161 173.000000
4162 287.000000
4163 37.000000
4164 15.000000
4165 209.000000
4166 67.000000
4167 38.000000
4168 2665.000000
4169 0.000000
4170 472.000000
4171 769.000000
4172 130.000000
4173 35.000000
4174 245.000000
4175 644.000000
4176 2933.000000
4177 1473.000000
4178 277.000000
4179 15.000000
4180 0.000000
4181 591.000000
4182 882.000000
4183 204.000000
4184 79.000000
4185 38.000000
4186 31.000000
4187 76.000000
4188 41.000000
4189 44.000000
4190 126.000000
4191 163.000000
4192 215.000000
4193 161.000000
4194 37.000000
4195 179.000000
4196 81.000000
4197 475.000000
4198 82.000000
4199 820.000000
4200 171.000000
4201 107.000000
4202 22.000000
4203 164.000000
4204 255.000000
4205 42.000000
4206 1.000000
4207 120.000000
4208 117.000000
4209 221.000000
4210 157.000000
4211 127.000000
4212 3334.000000
4213 2.000000
4214 463.000000
4215 51.000000
4216 236.000000
4217 285.000000
4218 25.000000
4219 107.000000
4220 13.000000
4221 465.000000
4222 174.000000
4223 34.000000
4224 34.000000
4225 919.000000
4226 33.000000
4227 289.000000
4228 158.000000
4229 23.000000
4230 96.000000
4231 59.000000
4232 80.000000
4233 123.000000
4234 8.000000
4235 0.000000
4236 2.000000
4237 42.000000
4238 404.000000
4239 143.000000
4240 85.000000
4241 77.000000
4242 176.000000
4243 41.000000
4244 318.000000
4245 37.000000
4246 243.000000
4247 194.000000
4248 62.000000
4249 291.000000
4250 1.000000
4251 151.000000
4252 52.000000
4253 183.000000
4254 1731.000000
4255 290.000000
4256 728.000000
4257 239.000000
4258 16.000000
4259 43.000000
4260 33.000000
4261 0.000000
4262 77.000000
4263 387.000000
4264 1980.000000
4265 80.000000
4266 237.000000
4267 315.000000
4268 838.000000
4269 135.000000
4270 745.000000
4271 31.000000
4272 49.000000
4273 230.000000
4274 52.000000
4275 1824.000000
4276 67.000000
4277 0.000000
4278 6.000000
4279 238.000000
4280 56.000000
4281 587.000000
4282 1396.000000
4283 19.000000
4284 23.000000
4285 1134.000000
4286 44.000000
4287 242.000000
4288 165.000000
4289 230.000000
4290 185.000000
4291 184.000000
4292 10.000000
4293 342.000000
4294 583.000000
4295 77.000000
4296 4.000000
4297 291.000000
4298 122.000000
4299 1.000000
4300 470.000000
4301 61.000000
4302 149.000000
4303 263.000000
4304 1127.000000
4305 281.000000
4306 182.000000
4307 31.000000
4308 107.000000
4309 10.000000
4310 35.000000
4311 476.000000
4312 310.000000
4313 151.000000
4314 3625.000000
4315 328.000000
4316 17.000000
4317 1305.000000
4318 99.000000
4319 6.000000
4320 162.000000
4321 1396.000000
4322 116.000000
4323 167.000000
4324 10.000000
4325 46.000000
4326 2137.000000
4327 664.000000
4328 1093.000000
4329 104.000000
4330 152.000000
4331 665.000000
4332 990.000000
4333 149.000000
4334 380.000000
4335 30.000000
4336 69.000000
4337 629.000000
4338 253.000000
4339 205.000000
4340 869.000000
4341 157.000000
4342 458.000000
4343 242.000000
4344 59.000000
4345 900.000000
4346 7.000000
4347 178.000000
4348 191.000000
4349 1165.000000
4350 98.000000
4351 115.000000
4352 43.000000
4353 11.000000
4354 185.000000
4355 253.000000
4356 487.000000
4357 114.000000
4358 99.000000
4359 192.000000
4360 1426.000000
4361 123.000000
4362 6.000000
4363 805.000000
4364 0.000000
4365 69.000000
4366 768.000000
4367 173.000000
4368 603.000000
4369 103.000000
4370 86.000000
4371 970.000000
4372 137.000000
4373 65.000000
4374 241.000000
4375 0.000000
4376 0.000000
4377 3.000000
4378 118.000000
4379 435.000000
4380 222.000000
4381 140.000000
4382 158.000000
4383 265.000000
4384 70.000000
4385 2.000000
4386 62.000000
4387 355.000000
4388 101.000000
4389 1170.000000
4390 842.000000
4391 84.000000
4392 3893.000000
4393 216.000000
4394 716.000000
4395 165.000000
4396 59.000000
4397 494.000000
4398 432.000000
4399 2.000000
4400 160.000000
4401 45.000000
4402 102.000000
4403 56.000000
4404 268.000000
4405 557.000000
4406 368.000000
4407 239.000000
4408 198.000000
4409 1341.000000
4410 503.000000
4411 113.000000
4412 75.000000
4413 389.000000
4414 1174.000000
4415 131.000000
4416 154.000000
4417 169.000000
4418 308.000000
4419 77.000000
4420 994.000000
4421 40.000000
4422 1.000000
4423 72.000000
4424 130.000000
4425 210.000000
4426 326.000000
4427 115.000000
4428 176.000000
4429 0.000000
4430 5.000000
4431 143.000000
4432 296.000000
4433 105.000000
4434 1350.000000
4435 42.000000
4436 2.000000
4437 3096.000000
4438 260.000000
4439 135.000000
4440 0.000000
4441 6.000000
4442 195.000000
4443 37.000000
4444 65.000000
4445 49.000000
4446 241.000000
4447 0.000000
4448 266.000000
4449 69.000000
4450 56.000000
4451 7.000000
4452 251.000000
4453 2373.000000
4454 203.000000
4455 145.000000
4456 1.000000
4457 24.000000
4458 84.000000
4459 9.000000
4460 4142.000000
4461 141.000000
4462 317.000000
4463 2047.000000
4464 380.000000
4465 151.000000
4466 1595.000000
4467 426.000000
4468 174.000000
4469 167.000000
4470 428.000000
4471 84.000000
4472 32.000000
4473 287.000000
4474 139.000000
4475 2955.000000
4476 162.000000
4477 219.000000
4478 108.000000
4479 78.000000
4480 138.000000
4481 1045.000000
4482 783.000000
4483 1874.000000
4484 2350.000000
4485 1370.000000
4486 2.000000
4487 802.000000
4488 370.000000
4489 123.000000
4490 4355.000000
4491 341.000000
4492 0.000000
4493 1656.000000
4494 144.000000
4495 14.000000
4496 257.000000
4497 28.000000
4498 2.000000
4499 183.000000
4500 583.000000
4501 146.000000
4502 140.000000
4503 154.000000
4504 1092.000000
4505 83.000000
4506 25.000000
4507 1010.000000
4508 136.000000
4509 320.000000
4510 616.000000
4511 8.000000
4512 30.000000
4513 503.000000
4514 42.000000
4515 260.000000
4516 148.000000
4517 24.000000
4518 2.000000
4519 100.000000
4520 164.000000
4521 168.000000
4522 79.000000
4523 447.000000
4524 2022.000000
4525 120.000000
4526 260.000000
4527 1522.000000
4528 131.000000
4529 316.000000
4530 232.000000
4531 125.000000
4532 22.000000
4533 92.000000
4534 1101.000000
4535 963.000000
4536 168.000000
4537 168.000000
4538 223.000000
4539 173.000000
4540 554.000000
4541 0.000000
4542 294.000000
4543 28.000000
4544 289.000000
4545 24.000000
4546 129.000000
4547 353.000000
4548 1170.000000
4549 204.000000
4550 0.000000
4551 256.000000
4552 325.000000
4553 94.000000
4554 203.000000
4555 12.000000
4556 0.000000
4557 221.000000
4558 17.000000
4559 287.000000
4560 269.000000
4561 54.000000
4562 46.000000
4563 42.000000
4564 157.000000
4565 14.000000
4566 252.000000
4567 41.000000
4568 105.000000
4569 125.000000
4570 631.000000
4571 0.000000
4572 524.000000
4573 25.000000
4574 521.000000
4575 87.000000
4576 509.000000
4577 245.000000
4578 33.000000
4579 24.000000
4580 2478.000000
4581 164.000000
4582 23.000000
4583 6.000000
4584 2886.000000
4585 109.000000
4586 203.000000
4587 2022.000000
4588 73.000000
4589 3.000000
4590 266.000000
4591 172.000000
4592 41.000000
4593 172.000000
4594 271.000000
4595 18.000000
4596 331.000000
4597 2.000000
4598 2595.000000
4599 133.000000
4600 927.000000
4601 636.000000
4602 158.000000
4603 437.000000
4604 45.000000
4605 842.000000
4606 42.000000
4607 1251.000000
4608 164.000000
4609 1.000000
4610 447.000000
4611 228.000000
4612 483.000000
4613 295.000000
4614 303.000000
4615 1008.000000
4616 0.000000
4617 434.000000
4618 129.000000
4619 404.000000
4620 0.000000
4621 288.000000
4622 332.000000
4623 140.000000
4624 56.000000
4625 98.000000
4626 259.000000
4627 2025.000000
4628 8.000000
4629 163.000000
4630 464.000000
4631 85.000000
4632 58.000000
4633 609.000000
4634 280.000000
4635 94.000000
4636 14.000000
4637 157.000000
4638 35.000000
4639 136.000000
4640 392.000000
4641 307.000000
4642 1322.000000
4643 246.000000
4644 730.000000
4645 2558.000000
4646 132.000000
4647 480.000000
4648 246.000000
4649 0.000000
4650 77.000000
4651 1789.000000
4652 8.000000
4653 395.000000
4654 414.000000
4655 107.000000
4656 98.000000
4657 178.000000
4658 1184.000000
4659 0.000000
4660 476.000000
4661 287.000000
4662 2010.000000
4663 601.000000
4664 26.000000
4665 478.000000
4666 74.000000
4667 141.000000
4668 1785.000000
4669 4360.000000
4670 78.000000
4671 174.000000
4672 38.000000
4673 5.000000
4674 1722.000000
4675 500.000000
4676 18.000000
4677 64.000000
4678 3.000000
4679 129.000000
4680 0.000000
4681 147.000000
4682 101.000000
4683 347.000000
4684 152.000000
4685 72.000000
4686 68.000000
4687 2.000000
4688 60.000000
4689 310.000000
4690 398.000000
4691 179.000000
4692 33.000000
4693 817.000000
4694 30.000000
4695 338.000000
4696 161.000000
4697 23.000000
4698 0.000000
4699 465.000000
4700 374.000000
4701 1501.000000
4702 321.000000
4703 837.000000
4704 46.000000
4705 124.000000
4706 230.000000
4707 49.000000
4708 26.000000
4709 409.000000
4710 128.000000
4711 296.000000
4712 0.000000
4713 65.000000
4714 231.000000
4715 272.000000
4716 252.000000
4717 128.000000
4718 289.000000
4719 174.000000
4720 366.000000
4721 993.000000
4722 410.000000
4723 20.000000
4724 36.000000
4725 511.000000
4726 323.000000
4727 0.000000
4728 533.000000
4729 1.000000
4730 827.000000
4731 148.000000
4732 90.000000
4733 37.000000
4734 3639.000000
4735 61.000000
4736 139.000000
4737 1271.000000
4738 166.000000
4739 59.000000
4740 564.000000
4741 952.000000
4742 242.000000
4743 71.000000
4744 35.000000
4745 74.000000
4746 45.000000
4747 236.000000
4748 145.000000
4749 411.000000
4750 71.000000
4751 373.000000
4752 793.000000
4753 92.000000
4754 13.000000
4755 2408.000000
4756 319.000000
4757 4246.000000
4758 868.000000
4759 53.000000
4760 401.000000
4761 0.000000
4762 393.000000
4763 4.000000
4764 312.000000
4765 5602.000000
4766 182.000000
4767 83.000000
4768 460.000000
4769 1.000000
4770 108.000000
4771 389.000000
4772 138.000000
4773 41.000000
4774 309.000000
4775 282.000000
4776 46.000000
4777 137.000000
4778 215.000000
4779 190.000000
4780 1237.000000
4781 850.000000
4782 8.000000
4783 132.000000
4784 209.000000
4785 127.000000
4786 269.000000
4787 155.000000
4788 148.000000
4789 24.000000
4790 226.000000
4791 375.000000
4792 777.000000
4793 70.000000
4794 42.000000
4795 200.000000
4796 86.000000
4797 3098.000000
4798 105.000000
4799 91.000000
4800 263.000000
4801 101.000000
4802 382.000000
4803 247.000000
4804 155.000000
4805 6.000000
4806 392.000000
4807 395.000000
4808 460.000000
4809 1111.000000
4810 155.000000
4811 158.000000
4812 97.000000
4813 1117.000000
4814 342.000000
4815 712.000000
4816 200.000000
4817 25.000000
4818 230.000000
4819 812.000000
4820 33.000000
4821 61.000000
4822 535.000000
4823 79.000000
4824 65.000000
4825 16.000000
4826 101.000000
4827 220.000000
4828 107.000000
4829 1169.000000
4830 27.000000
4831 276.000000
4832 785.000000
4833 100.000000
4834 374.000000
4835 94.000000
4836 42.000000
4837 131.000000
4838 71.000000
4839 149.000000
4840 122.000000
4841 363.000000
4842 123.000000
4843 78.000000
4844 236.000000
4845 305.000000
4846 187.000000
4847 50.000000
4848 25.000000
4849 468.000000
4850 190.000000
4851 379.000000
4852 196.000000
4853 752.000000
4854 13.000000
4855 30.000000
4856 304.000000
4857 95.000000
4858 305.000000
4859 670.000000
4860 71.000000
4861 26.000000
4862 135.000000
4863 138.000000
4864 729.000000
4865 100.000000
4866 655.000000
4867 121.000000
4868 175.000000
4869 123.000000
4870 399.000000
4871 418.000000
4872 92.000000
4873 1416.000000
4874 1699.000000
4875 21.000000
4876 1041.000000
4877 533.000000
4878 253.000000
4879 747.000000
4880 581.000000
4881 124.000000
4882 151.000000
4883 134.000000
4884 163.000000
4885 28.000000
4886 164.000000
4887 1.000000
4888 60.000000
4889 6.000000
4890 0.000000
4891 1205.000000
4892 194.000000
4893 342.000000
4894 74.000000
4895 24.000000
4896 7.000000
4897 208.000000
4898 111.000000
4899 80.000000
4900 25.000000
4901 213.000000
4902 647.000000
4903 170.000000
4904 2613.000000
4905 133.000000
4906 57.000000
4907 18.000000
4908 222.000000
4909 105.000000
4910 34.000000
4911 92.000000
4912 407.000000
4913 21.000000
4914 481.000000
4915 12.000000
4916 279.000000
4917 183.000000
4918 29.000000
4919 2531.000000
4920 180.000000
4921 107.000000
4922 196.000000
4923 1125.000000
4924 698.000000
4925 148.000000
4926 64.000000
4927 83.000000
4928 2.000000
4929 199.000000
4930 56.000000
4931 1091.000000
4932 283.000000
4933 618.000000
4934 586.000000
4935 27.000000
4936 320.000000
4937 1155.000000
4938 22.000000
4939 58.000000
4940 27.000000
4941 98.000000
4942 151.000000
4943 0.000000
4944 108.000000
4945 38.000000
4946 4.000000
4947 161.000000
4948 84.000000
4949 1226.000000
4950 258.000000
4951 5747.000000
4952 28.000000
4953 118.000000
4954 159.000000
4955 0.000000
4956 136.000000
4957 6.000000
4958 949.000000
4959 71.000000
4960 108.000000
4961 18.000000
4962 8.000000
4963 0.000000
4964 332.000000
4965 431.000000
4966 195.000000
4967 534.000000
4968 133.000000
4969 84.000000
4970 52.000000
4971 742.000000
4972 341.000000
4973 482.000000
4974 152.000000
4975 48.000000
4976 344.000000
4977 393.000000
4978 909.000000
4979 41.000000
4980 58.000000
4981 44.000000
4982 0.000000
4983 81.000000
4984 515.000000
4985 1583.000000
4986 499.000000
4987 5.000000
4988 111.000000
4989 49.000000
4990 404.000000
4991 65.000000
4992 509.000000
4993 236.000000
4994 444.000000
4995 160.000000
4996 83.000000
4997 188.000000
4998 117.000000
4999 25.000000
5000 70.000000
5001 121.000000
5002 6.000000
5003 209.000000
5004 37.000000
5005 3625.000000
5006 196.000000
5007 296.000000
5008 234.000000
5009 133.000000
5010 337.000000
5011 118.000000
5012 186.000000
5013 138.000000
5014 28.000000
5015 117.000000
5016 177.000000
5017 16.000000
5018 94.000000
5019 49.000000
5020 1.000000
5021 90.000000
5022 1429.000000
5023 137.000000
5024 314.000000
5025 111.000000
5026 69.000000
5027 203.000000
5028 109.000000
5029 186.000000
5030 1012.000000
5031 38.000000
5032 207.000000
5033 1761.000000
5034 239.000000
5035 290.000000
5036 94.000000
5037 330.000000
5038 1182.000000
5039 3.000000
5040 174.000000
5041 2.000000
5042 2.000000
5043 35.000000
5044 8.000000
5045 287.000000
5046 185.000000
5047 29.000000
5048 144.000000
5049 97.000000
5050 0.000000
5051 193.000000
5052 81.000000
5053 136.000000
5054 36.000000
5055 83.000000
5056 38.000000
5057 2102.000000
5058 11.000000
5059 1356.000000
5060 26.000000
5061 21.000000
5062 345.000000
5063 6312.000000
5064 232.000000
5065 170.000000
5066 64.000000
5067 3532.000000
5068 44.000000
5069 81.000000
5070 88.000000
5071 42.000000
5072 29.000000
5073 25.000000
5074 20.000000
5075 0.000000
5076 295.000000
5077 2.000000
5078 488.000000
5079 137.000000
5080 26.000000
5081 575.000000
5082 15.000000
5083 114.000000
5084 212.000000
5085 317.000000
5086 34.000000
5087 35.000000
5088 121.000000
5089 0.000000
5090 429.000000
5091 96.000000
5092 133.000000
5093 90.000000
5094 0.000000
5095 54.000000
5096 210.000000
5097 781.000000
5098 109.000000
5099 394.000000
5100 274.000000
5101 241.000000
5102 1286.000000
5103 113.000000
5104 58.000000
5105 105.000000
5106 14.000000
5107 281.000000
5108 118.000000
5109 48.000000
