3610 267.000000
3611 147.000000
3612 261.000000
3613 189.000000
3614 332.000000
3615 285.000000
3616 687.000000
3617 3.000000
3618 4127.000000
3619 294.000000
3620 73.000000
3621 363.000000
3622 163.000000
3623 1805.000000
3624 76.000000
3625 683.000000
3626 27.000000
3627 46.000000
3628 3.000000
3629 53.000000
3630 108.000000
3631 5.000000
3632 302.000000
3633 118.000000
3634 283.000000
3635 752.000000
3636 317.000000
3637 461.000000
3638 23.000000
3639 874.000000
3640 297.000000
3641 760.000000
3642 316.000000
3643 58.000000
3644 151.000000
3645 239.000000
3646 1316.000000
3647 7.000000
3648 126.000000
3649 40.000000
3650 451.000000
3651 159.000000
3652 0.000000
3653 87.000000
3654 86.000000
3655 37.000000
3656 157.000000
3657 383.000000
3658 672.000000
3659 101.000000
3660 83.000000
3661 28.000000
3662 2.000000
3663 1091.000000
3664 248.000000
3665 87.000000
3666 6.000000
3667 56.000000
3668 471.000000
3669 1.000000
3670 573.000000
3671 309.000000
3672 69.000000
3673 93.000000
3674 22.000000
3675 515.000000
3676 42.000000
3677 74.000000
3678 99.000000
3679 247.000000
3680 31.000000
3681 103.000000
3682 83.000000
3683 740.000000
3684 30.000000
3685 53.000000
3686 49.000000
3687 91.000000
3688 7.000000
3689 121.000000
3690 126.000000
3691 882.000000
3692 3.000000
3693 98.000000
3694 3470.000000
3695 12.000000
3696 20.000000
3697 94.000000
3698 193.000000
3699 1.000000
3700 321.000000
3701 268.000000
3702 330.000000
3703 146.000000
3704 105.000000
3705 6.000000
3706 297.000000
3707 33.000000
3708 92.000000
3709 137.000000
3710 149.000000
3711 408.000000
3712 980.000000
3713 111.000000
3714 60.000000
3715 1377.000000
3716 57.000000
3717 1.000000
3718 60.000000
3719 8.000000
3720 118.000000
3721 727.000000
3722 3.000000
3723 7.000000
3724 556.000000
3725 471.000000
3726 0.000000
3727 22.000000
3728 1559.000000
3729 5.000000
3730 100.000000
3731 120.000000
3732 93.000000
3733 12.000000
3734 1080.000000
3735 12.000000
3736 0.000000
3737 42.000000
3738 603.000000
3739 56.000000
3740 153.000000
3741 2068.000000
3742 14.000000
3743 336.000000
3744 8.000000
3745 320.000000
3746 80.000000
3747 4.000000
3748 104.000000
3749 35.000000
3750 258.000000
3751 57.000000
3752 872.000000
3753 409.000000
3754 1580.000000
3755 85.000000
3756 9.000000
3757 1.000000
3758 1227.000000
3759 709.000000
3760 34.000000
3761 11259.000000
3762 187.000000
3763 2624.000000
3764 1.000000
3765 8.000000
3766 14.000000
3767 2330.000000
3768 45.000000
3769 2326.000000
3770 960.000000
3771 1127.000000
3772 735.000000
3773 15.000000
3774 652.000000
3775 602.000000
3776 300.000000
3777 10.000000
3778 1000.000000
3779 229.000000
3780 168.000000
3781 268.000000
3782 705.000000
3783 4830.000000
3784 16.000000
3785 360.000000
3786 1202.000000
3787 20.000000
3788 2255.000000
3789 12.000000
3790 10165.000000
3791 0.000000
3792 420.000000
3793 47.000000
3794 49.000000
3795 3.000000
3796 1123.000000
3797 58.000000
3798 222.000000
3799 110.000000
3800 160.000000
3801 456.000000
3802 37.000000
3803 45.000000
3804 2375.000000
3805 528.000000
3806 481.000000
3807 97.000000
3808 171.000000
3809 133.000000
3810 145.000000
3811 2445.000000
3812 13.000000
3813 920.000000
3814 236.000000
3815 79.000000
3816 281.000000
3817 233.000000
3818 554.000000
3819 10.000000
3820 85.000000
3821 551.000000
3822 2.000000
3823 282.000000
3824 132.000000
3825 128.000000
3826 317.000000
3827 21.000000
3828 80.000000
3829 218.000000
3830 3.000000
3831 184.000000
3832 33.000000
3833 28.000000
3834 219.000000
3835 40.000000
3836 279.000000
3837 552.000000
3838 613.000000
3839 30.000000
3840 14.000000
3841 634.000000
3842 28.000000
3843 2.000000
3844 822.000000
3845 115.000000
3846 22.000000
3847 133.000000
3848 2846.000000
3849 111.000000
3850 96.000000
3851 6357.000000
3852 185.000000
3853 65.000000
3854 11.000000
3855 523.000000
3856 214.000000
3857 307.000000
3858 0.000000
3859 57.000000
3860 26.000000
3861 330.000000
3862 14.000000
3863 192.000000
3864 352.000000
3865 24.000000
3866 774.000000
3867 4.000000
3868 13.000000
3869 140.000000
3870 57.000000
3871 13.000000
3872 299.000000
3873 225.000000
3874 205.000000
3875 34.000000
3876 133.000000
3877 88.000000
3878 97.000000
3879 175.000000
3880 180.000000
3881 33.000000
3882 1.000000
3883 174.000000
3884 699.000000
3885 38.000000
3886 27.000000
3887 335.000000
3888 173.000000
3889 11.000000
3890 184.000000
3891 124.000000
3892 638.000000
3893 400.000000
3894 56.000000
3895 32.000000
3896 119.000000
3897 1.000000
3898 248.000000
3899 188.000000
3900 162.000000
3901 75.000000
3902 332.000000
3903 1885.000000
3904 1872.000000
3905 347.000000
3906 56.000000
3907 2.000000
3908 85.000000
3909 450.000000
3910 39.000000
3911 170.000000
3912 96.000000
3913 2697.000000
3914 173.000000
3915 750.000000
3916 71.000000
3917 32.000000
3918 2.000000
3919 171.000000
3920 58.000000
3921 179.000000
3922 300.000000
3923 154.000000
3924 34.000000
3925 328.000000
3926 490.000000
3927 20.000000
3928 51.000000
3929 139.000000
3930 374.000000
3931 706.000000
3932 0.000000
3933 219.000000
3934 101.000000
3935 39.000000
3936 6.000000
3937 554.000000
3938 1461.000000
3939 148.000000
3940 30.000000
3941 2410.000000
3942 164.000000
3943 39.000000
3944 177.000000
3945 308.000000
3946 0.000000
3947 331.000000
3948 688.000000
3949 934.000000
3950 70.000000
3951 344.000000
3952 656.000000
3953 556.000000
3954 3221.000000
3955 9.000000
3956 3.000000
3957 87.000000
3958 0.000000
3959 113.000000
3960 1097.000000
3961 5.000000
3962 50.000000
3963 46.000000
3964 205.000000
3965 131.000000
3966 0.000000
3967 1.000000
3968 270.000000
3969 162.000000
3970 87.000000
3971 241.000000
3972 86.000000
3973 217.000000
3974 8.000000
3975 707.000000
3976 1527.000000
3977 93.000000
3978 229.000000
3979 343.000000
3980 34.000000
3981 67.000000
3982 50.000000
3983 443.000000
3984 13.000000
3985 13.000000
3986 8.000000
3987 69.000000
3988 874.000000
3989 4696.000000
3990 523.000000
3991 53.000000
3992 488.000000
3993 43.000000
3994 72.000000
3995 65.000000
3996 439.000000
3997 651.000000
3998 38.000000
3999 81.000000
4000 141.000000
4001 161.000000
4002 89.000000
4003 34.000000
4004 438.000000
4005 161.000000
4006 0.000000
4007 60.000000
4008 143.000000
4009 35.000000
4010 174.000000
4011 263.000000
4012 191.000000
4013 35.000000
4014 2.000000
4015 5.000000
4016 120.000000
4017 270.000000
4018 154.000000
4019 57.000000
4020 391.000000
4021 5.000000
4022 339.000000
4023 47.000000
4024 1615.000000
4025 226.000000
4026 318.000000
4027 20.000000
4028 31.000000
4029 122.000000
4030 2429.000000
4031 184.000000
4032 75.000000
4033 253.000000
4034 135.000000
4035 389.000000
4036 70.000000
4037 192.000000
4038 395.000000
4039 23.000000
4040 55.000000
4041 1038.000000
4042 123.000000
4043 1316.000000
4044 1758.000000
4045 66.000000
4046 456.000000
4047 107.000000
4048 184.000000
4049 56.000000
4050 179.000000
4051 182.000000
4052 0.000000
4053 37.000000
4054 44.000000
4055 360.000000
4056 638.000000
4057 147.000000
4058 87.000000
4059 353.000000
4060 425.000000
4061 151.000000
4062 6.000000
4063 98.000000
4064 522.000000
4065 1.000000
4066 105.000000
4067 58.000000
4068 35.000000
4069 123.000000
4070 85.000000
4071 327.000000
4072 230.000000
4073 861.000000
4074 78.000000
4075 45.000000
4076 420.000000
4077 0.000000
4078 81.000000
4079 62.000000
4080 172.000000
4081 0.000000
4082 171.000000
4083 17.000000
4084 33.000000
4085 400.000000
4086 447.000000
4087 377.000000
4088 38.000000
4089 12.000000
4090 76.000000
4091 35.000000
4092 14.000000
4093 209.000000
4094 678.000000
4095 89.000000
4096 2327.000000
4097 2295.000000
4098 160.000000
4099 992.000000
4100 283.000000
4101 242.000000
4102 646.000000
4103 2117.000000
4104 1.000000
4105 28.000000
4106 951.000000
4107 285.000000
4108 3.000000
4109 89.000000
4110 36.000000
4111 1070.000000
4112 337.000000
4113 22.000000
4114 112.000000
4115 3.000000
4116 135.000000
4117 189.000000
4118 424.000000
4119 176.000000
4120 724.000000
4121 0.000000
4122 55.000000
4123 329.000000
4124 391.000000
4125 23.000000
4126 445.000000
4127 13.000000
4128 2.000000
4129 30.000000
4130 213.000000
4131 0.000000
4132 232.000000
4133 17.000000
4134 336.000000
4135 2062.000000
4136 20.000000
4137 548.000000
4138 0.000000
4139 0.000000
4140 3.000000
4141 10.000000
4142 182.000000
4143 30.000000
4144 136.000000
4145 251.000000
4146 727.000000
4147 5.000000
4148 97.000000
4149 610.000000
4150 114.000000
4151 57.000000
4152 531.000000
4153 1231.000000
4154 2047.000000
4155 277.000000
4156 234.000000
4157 79.000000
4158 140.000000
4159 27.000000
4160 1965.000000
4161 181.000000
4162 242.000000
4163 24.000000
4164 9.000000
4165 212.000000
4166 49.000000
4167 39.000000
4168 2807.000000
4169 0.000000
4170 472.000000
4171 700.000000
4172 127.000000
4173 5.000000
4174 219.000000
4175 539.000000
4176 3173.000000
4177 2113.000000
4178 274.000000
4179 14.000000
4180 0.000000
4181 617.000000
4182 902.000000
4183 111.000000
4184 25.000000
4185 39.000000
4186 31.000000
4187 77.000000
4188 48.000000
4189 43.000000
4190 128.000000
4191 155.000000
4192 133.000000
4193 163.000000
4194 39.000000
4195 190.000000
4196 58.000000
4197 597.000000
4198 71.000000
4199 835.000000
4200 171.000000
4201 105.000000
4202 1.000000
4203 107.000000
4204 175.000000
4205 40.000000
4206 2.000000
4207 125.000000
4208 116.000000
4209 227.000000
4210 159.000000
4211 131.000000
4212 2577.000000
4213 2.000000
4214 451.000000
4215 51.000000
4216 150.000000
4217 276.000000
4218 26.000000
4219 119.000000
4220 15.000000
4221 449.000000
4222 177.000000
4223 37.000000
4224 35.000000
4225 935.000000
4226 30.000000
4227 288.000000
4228 141.000000
4229 23.000000
4230 85.000000
4231 60.000000
4232 99.000000
4233 130.000000
4234 6.000000
4235 0.000000
4236 3.000000
4237 42.000000
4238 407.000000
4239 145.000000
4240 91.000000
4241 82.000000
4242 179.000000
4243 42.000000
4244 291.000000
4245 35.000000
4246 262.000000
4247 223.000000
4248 13.000000
4249 94.000000
4250 1.000000
4251 163.000000
4252 36.000000
4253 188.000000
4254 4925.000000
4255 293.000000
4256 917.000000
4257 242.000000
4258 22.000000
4259 43.000000
4260 78.000000
4261 0.000000
4262 67.000000
4263 377.000000
4264 3812.000000
4265 29.000000
4266 192.000000
4267 324.000000
4268 944.000000
4269 134.000000
4270 768.000000
4271 390.000000
4272 35.000000
4273 269.000000
4274 53.000000
4275 1861.000000
4276 68.000000
4277 80.000000
4278 8.000000
4279 258.000000
4280 52.000000
4281 340.000000
4282 1426.000000
4283 0.000000
4284 16.000000
4285 1165.000000
4286 0.000000
4287 269.000000
4288 175.000000
4289 278.000000
4290 188.000000
4291 188.000000
4292 10.000000
4293 314.000000
4294 705.000000
4295 80.000000
4296 5.000000
4297 291.000000
4298 91.000000
4299 4.000000
4300 479.000000
4301 45.000000
4302 160.000000
4303 264.000000
4304 1133.000000
4305 280.000000
4306 172.000000
4307 33.000000
4308 106.000000
4309 10.000000
4310 39.000000
4311 478.000000
4312 623.000000
4313 262.000000
4314 8202.000000
4315 336.000000
4316 42.000000
4317 1459.000000
4318 93.000000
4319 5.000000
4320 169.000000
4321 1760.000000
4322 117.000000
4323 169.000000
4324 13.000000
4325 46.000000
4326 2030.000000
4327 608.000000
4328 1131.000000
4329 46.000000
4330 131.000000
4331 707.000000
4332 528.000000
4333 34.000000
4334 381.000000
4335 9.000000
4336 68.000000
4337 623.000000
4338 118.000000
4339 307.000000
4340 979.000000
4341 48.000000
4342 393.000000
4343 217.000000
4344 89.000000
4345 944.000000
4346 6.000000
4347 186.000000
4348 199.000000
4349 1607.000000
4350 102.000000
4351 120.000000
4352 42.000000
4353 9.000000
4354 193.000000
4355 239.000000
4356 350.000000
4357 123.000000
4358 100.000000
4359 189.000000
4360 1250.000000
4361 133.000000
4362 7.000000
4363 1299.000000
4364 0.000000
4365 36.000000
4366 763.000000
4367 169.000000
4368 619.000000
4369 64.000000
4370 86.000000
4371 1083.000000
4372 121.000000
4373 67.000000
4374 175.000000
4375 0.000000
4376 1.000000
4377 3.000000
4378 119.000000
4379 430.000000
4380 229.000000
4381 145.000000
4382 165.000000
4383 311.000000
4384 75.000000
4385 1.000000
4386 63.000000
4387 343.000000
4388 108.000000
4389 1203.000000
4390 849.000000
4391 93.000000
4392 10096.000000
4393 217.000000
4394 688.000000
4395 156.000000
4396 1.000000
4397 533.000000
4398 404.000000
4399 2.000000
4400 164.000000
4401 49.000000
4402 101.000000
4403 1.000000
4404 266.000000
4405 570.000000
4406 730.000000
4407 237.000000
4408 249.000000
4409 1454.000000
4410 533.000000
4411 99.000000
4412 87.000000
4413 148.000000
4414 629.000000
4415 143.000000
4416 163.000000
4417 178.000000
4418 358.000000
4419 80.000000
4420 1054.000000
4421 37.000000
4422 2.000000
4423 70.000000
4424 131.000000
4425 214.000000
4426 322.000000
4427 115.000000
4428 185.000000
4429 0.000000
4430 6.000000
4431 74.000000
4432 282.000000
4433 106.000000
4434 1662.000000
4435 42.000000
4436 2.000000
4437 3915.000000
4438 276.000000
4439 138.000000
4440 5.000000
4441 17.000000
4442 190.000000
4443 39.000000
4444 65.000000
4445 57.000000
4446 260.000000
4447 0.000000
4448 283.000000
4449 42.000000
4450 57.000000
4451 8.000000
4452 228.000000
4453 3276.000000
4454 245.000000
4455 146.000000
4456 0.000000
4457 28.000000
4458 76.000000
4459 1.000000
4460 5698.000000
4461 154.000000
4462 330.000000
4463 4688.000000
4464 354.000000
4465 148.000000
4466 1660.000000
4467 291.000000
4468 91.000000
4469 162.000000
4470 435.000000
4471 87.000000
4472 32.000000
4473 300.000000
4474 112.000000
4475 3535.000000
4476 162.000000
4477 278.000000
4478 111.000000
4479 78.000000
4480 138.000000
4481 1119.000000
4482 782.000000
4483 1928.000000
4484 2055.000000
4485 2078.000000
4486 1.000000
4487 932.000000
4488 323.000000
4489 98.000000
4490 9011.000000
4491 323.000000
4492 0.000000
4493 1973.000000
4494 139.000000
4495 16.000000
4496 208.000000
4497 34.000000
4498 7.000000
4499 90.000000
4500 568.000000
4501 144.000000
4502 167.000000
4503 170.000000
4504 1048.000000
4505 77.000000
4506 19.000000
4507 1380.000000
4508 131.000000
4509 446.000000
4510 546.000000
4511 11.000000
4512 28.000000
4513 524.000000
4514 43.000000
4515 273.000000
4516 155.000000
4517 27.000000
4518 1.000000
4519 102.000000
4520 179.000000
4521 119.000000
4522 35.000000
4523 360.000000
4524 2381.000000
4525 141.000000
4526 264.000000
4527 1589.000000
4528 148.000000
4529 330.000000
4530 137.000000
4531 114.000000
4532 18.000000
4533 93.000000
4534 1258.000000
4535 1168.000000
4536 37.000000
4537 172.000000
4538 236.000000
4539 178.000000
4540 319.000000
4541 0.000000
4542 334.000000
4543 28.000000
4544 288.000000
4545 24.000000
4546 154.000000
4547 358.000000
4548 1201.000000
4549 159.000000
4550 3.000000
4551 284.000000
4552 244.000000
4553 97.000000
4554 205.000000
4555 3.000000
4556 0.000000
4557 202.000000
4558 18.000000
4559 514.000000
4560 265.000000
4561 52.000000
4562 51.000000
4563 41.000000
4564 162.000000
4565 1.000000
4566 255.000000
4567 6.000000
4568 109.000000
4569 94.000000
4570 724.000000
4571 0.000000
4572 1133.000000
4573 25.000000
4574 534.000000
4575 73.000000
4576 463.000000
4577 257.000000
4578 29.000000
4579 10.000000
4580 3272.000000
4581 164.000000
4582 28.000000
4583 1.000000
4584 4117.000000
4585 118.000000
4586 154.000000
4587 2709.000000
4588 74.000000
4589 3.000000
4590 281.000000
4591 147.000000
4592 42.000000
4593 175.000000
4594 307.000000
4595 22.000000
4596 323.000000
4597 2.000000
4598 2799.000000
4599 157.000000
4600 950.000000
4601 957.000000
4602 167.000000
4603 426.000000
4604 43.000000
4605 846.000000
4606 8.000000
4607 1237.000000
4608 171.000000
4609 0.000000
4610 460.000000
4611 112.000000
4612 547.000000
4613 295.000000
4614 266.000000
4615 1591.000000
4616 0.000000
4617 484.000000
4618 139.000000
4619 347.000000
4620 1.000000
4621 365.000000
4622 323.000000
4623 156.000000
4624 33.000000
4625 110.000000
4626 265.000000
4627 2110.000000
4628 1.000000
4629 161.000000
4630 481.000000
4631 67.000000
4632 60.000000
4633 600.000000
4634 319.000000
4635 98.000000
4636 15.000000
4637 174.000000
4638 34.000000
4639 148.000000
4640 402.000000
4641 340.000000
4642 1424.000000
4643 293.000000
4644 610.000000
4645 2584.000000
4646 149.000000
4647 466.000000
4648 249.000000
4649 0.000000
4650 80.000000
4651 1842.000000
4652 0.000000
4653 373.000000
4654 421.000000
4655 52.000000
4656 122.000000
4657 204.000000
4658 1247.000000
4659 0.000000
4660 408.000000
4661 21.000000
4662 1969.000000
4663 582.000000
4664 27.000000
4665 469.000000
4666 159.000000
4667 125.000000
4668 1849.000000
4669 8242.000000
4670 79.000000
4671 178.000000
4672 21.000000
4673 4.000000
4674 1824.000000
4675 219.000000
4676 20.000000
4677 70.000000
4678 2.000000
4679 87.000000
4680 5.000000
4681 152.000000
4682 103.000000
4683 284.000000
4684 140.000000
4685 85.000000
4686 69.000000
4687 3.000000
4688 6.000000
4689 333.000000
4690 413.000000
4691 180.000000
4692 32.000000
4693 703.000000
4694 30.000000
4695 240.000000
4696 139.000000
4697 9.000000
4698 1.000000
4699 555.000000
4700 386.000000
4701 3630.000000
4702 321.000000
4703 859.000000
4704 43.000000
4705 120.000000
4706 238.000000
4707 50.000000
4708 14.000000
4709 398.000000
4710 147.000000
4711 301.000000
4712 1.000000
4713 68.000000
4714 277.000000
4715 249.000000
4716 274.000000
4717 131.000000
4718 276.000000
4719 187.000000
4720 376.000000
4721 957.000000
4722 417.000000
4723 20.000000
4724 43.000000
4725 492.000000
4726 309.000000
4727 0.000000
4728 558.000000
4729 1.000000
4730 714.000000
4731 133.000000
4732 48.000000
4733 11.000000
4734 3743.000000
4735 47.000000
4736 175.000000
4737 1588.000000
4738 143.000000
4739 68.000000
4740 589.000000
4741 945.000000
4742 222.000000
4743 49.000000
4744 21.000000
4745 77.000000
4746 227.000000
4747 230.000000
4748 146.000000
4749 296.000000
4750 61.000000
4751 197.000000
4752 669.000000
4753 16.000000
4754 14.000000
4755 3298.000000
4756 317.000000
4757 4309.000000
4758 1114.000000
4759 33.000000
4760 329.000000
4761 8.000000
4762 400.000000
4763 4.000000
4764 316.000000
4765 4469.000000
4766 182.000000
4767 80.000000
4768 471.000000
4769 0.000000
4770 105.000000
4771 417.000000
4772 43.000000
4773 28.000000
4774 272.000000
4775 239.000000
4776 37.000000
4777 141.000000
4778 232.000000
4779 132.000000
4780 1299.000000
4781 855.000000
4782 7.000000
4783 377.000000
4784 235.000000
4785 92.000000
4786 283.000000
4787 154.000000
4788 158.000000
4789 23.000000
4790 222.000000
4791 378.000000
4792 801.000000
4793 71.000000
4794 17.000000
4795 199.000000
4796 91.000000
4797 6116.000000
4798 69.000000
4799 155.000000
4800 289.000000
4801 99.000000
4802 373.000000
4803 255.000000
4804 90.000000
4805 84.000000
4806 432.000000
4807 377.000000
4808 474.000000
4809 393.000000
4810 88.000000
4811 229.000000
4812 131.000000
4813 1134.000000
4814 362.000000
4815 1059.000000
4816 185.000000
4817 27.000000
4818 285.000000
4819 939.000000
4820 39.000000
4821 50.000000
4822 540.000000
4823 68.000000
4824 40.000000
4825 6.000000
4826 109.000000
4827 271.000000
4828 114.000000
4829 1200.000000
4830 19.000000
4831 282.000000
4832 655.000000
4833 102.000000
4834 290.000000
4835 112.000000
4836 43.000000
4837 144.000000
4838 73.000000
4839 151.000000
4840 16.000000
4841 138.000000
4842 147.000000
4843 77.000000
4844 145.000000
4845 312.000000
4846 184.000000
4847 18.000000
4848 6.000000
4849 414.000000
4850 168.000000
4851 348.000000
4852 25.000000
4853 610.000000
4854 16.000000
4855 27.000000
4856 307.000000
4857 91.000000
4858 242.000000
4859 787.000000
4860 71.000000
4861 31.000000
4862 156.000000
4863 132.000000
4864 736.000000
4865 109.000000
4866 659.000000
4867 130.000000
4868 176.000000
4869 120.000000
4870 423.000000
4871 429.000000
4872 94.000000
4873 1340.000000
4874 1759.000000
4875 22.000000
4876 1518.000000
4877 543.000000
4878 189.000000
4879 921.000000
4880 554.000000
4881 279.000000
4882 160.000000
4883 139.000000
4884 155.000000
4885 24.000000
4886 16.000000
4887 15.000000
4888 60.000000
4889 5.000000
4890 0.000000
4891 1114.000000
4892 198.000000
4893 409.000000
4894 74.000000
4895 22.000000
4896 5.000000
4897 214.000000
4898 60.000000
4899 81.000000
4900 27.000000
4901 225.000000
4902 685.000000
4903 72.000000
4904 2633.000000
4905 141.000000
4906 55.000000
4907 10.000000
4908 237.000000
4909 114.000000
4910 29.000000
4911 94.000000
4912 6.000000
4913 21.000000
4914 487.000000
4915 96.000000
4916 343.000000
4917 159.000000
4918 28.000000
4919 2607.000000
4920 22.000000
4921 91.000000
4922 235.000000
4923 2395.000000
4924 639.000000
4925 157.000000
4926 66.000000
4927 83.000000
4928 3.000000
4929 172.000000
4930 33.000000
4931 1321.000000
4932 247.000000
4933 1899.000000
4934 591.000000
4935 29.000000
4936 329.000000
4937 1174.000000
4938 21.000000
4939 63.000000
4940 19.000000
4941 44.000000
4942 167.000000
4943 0.000000
4944 108.000000
4945 42.000000
4946 4.000000
4947 172.000000
4948 113.000000
4949 1426.000000
4950 264.000000
4951 9386.000000
4952 28.000000
4953 91.000000
4954 132.000000
4955 0.000000
4956 140.000000
4957 6.000000
4958 1105.000000
4959 74.000000
4960 107.000000
4961 14.000000
4962 0.000000
4963 0.000000
4964 275.000000
4965 434.000000
4966 201.000000
4967 529.000000
4968 134.000000
4969 90.000000
4970 49.000000
4971 734.000000
4972 355.000000
4973 386.000000
4974 160.000000
4975 84.000000
4976 354.000000
4977 177.000000
4978 913.000000
4979 42.000000
4980 56.000000
4981 87.000000
4982 52.000000
4983 55.000000
4984 501.000000
4985 2115.000000
4986 510.000000
4987 16.000000
4988 119.000000
4989 49.000000
4990 402.000000
4991 66.000000
4992 562.000000
4993 209.000000
4994 592.000000
4995 164.000000
4996 88.000000
4997 234.000000
4998 119.000000
4999 22.000000
5000 75.000000
5001 12.000000
5002 8.000000
5003 6.000000
5004 0.000000
5005 9913.000000
5006 199.000000
5007 68.000000
5008 197.000000
5009 137.000000
5010 316.000000
5011 119.000000
5012 191.000000
5013 304.000000
5014 28.000000
5015 125.000000
5016 192.000000
5017 17.000000
5018 82.000000
5019 50.000000
5020 1.000000
5021 85.000000
5022 1254.000000
5023 160.000000
5024 304.000000
5025 112.000000
5026 73.000000
5027 208.000000
5028 113.000000
5029 192.000000
5030 1202.000000
5031 40.000000
5032 229.000000
5033 1902.000000
5034 192.000000
5035 292.000000
5036 60.000000
5037 342.000000
5038 1243.000000
5039 23.000000
5040 167.000000
5041 1.000000
5042 1.000000
5043 12.000000
5044 4.000000
5045 282.000000
5046 184.000000
5047 2.000000
5048 146.000000
5049 100.000000
5050 0.000000
5051 202.000000
5052 260.000000
5053 138.000000
5054 35.000000
5055 88.000000
5056 44.000000
5057 2530.000000
5058 11.000000
5059 2078.000000
5060 0.000000
5061 21.000000
5062 342.000000
5063 9464.000000
5064 238.000000
5065 139.000000
5066 76.000000
5067 2998.000000
5068 44.000000
5069 80.000000
5070 426.000000
5071 68.000000
5072 29.000000
5073 25.000000
5074 199.000000
5075 0.000000
5076 345.000000
5077 2.000000
5078 477.000000
5079 136.000000
5080 27.000000
5081 613.000000
5082 14.000000
5083 74.000000
5084 217.000000
5085 312.000000
5086 38.000000
5087 35.000000
5088 132.000000
5089 0.000000
5090 343.000000
5091 110.000000
5092 144.000000
5093 93.000000
5094 0.000000
5095 54.000000
5096 300.000000
5097 792.000000
5098 99.000000
5099 387.000000
5100 296.000000
5101 171.000000
5102 1708.000000
5103 97.000000
5104 63.000000
5105 30.000000
5106 15.000000
5107 283.000000
5108 35.000000
5109 50.000000
