3610 261.000000
3611 168.000000
3612 250.000000
3613 183.000000
3614 316.000000
3615 271.000000
3616 186.000000
3617 28.000000
3618 4015.000000
3619 324.000000
3620 102.000000
3621 449.000000
3622 158.000000
3623 1769.000000
3624 61.000000
3625 674.000000
3626 37.000000
3627 50.000000
3628 5.000000
3629 61.000000
3630 119.000000
3631 15.000000
3632 293.000000
3633 117.000000
3634 282.000000
3635 741.000000
3636 311.000000
3637 456.000000
3638 59.000000
3639 892.000000
3640 248.000000
3641 859.000000
3642 315.000000
3643 58.000000
3644 146.000000
3645 227.000000
3646 1297.000000
3647 43.000000
3648 126.000000
3649 42.000000
3650 442.000000
3651 171.000000
3652 0.000000
3653 88.000000
3654 84.000000
3655 37.000000
3656 129.000000
3657 372.000000
3658 656.000000
3659 127.000000
3660 83.000000
3661 186.000000
3662 2.000000
3663 1215.000000
3664 234.000000
3665 91.000000
3666 6.000000
3667 56.000000
3668 454.000000
3669 0.000000
3670 562.000000
3671 13.000000
3672 69.000000
3673 92.000000
3674 32.000000
3675 509.000000
3676 42.000000
3677 72.000000
3678 210.000000
3679 239.000000
3680 49.000000
3681 143.000000
3682 821.000000
3683 823.000000
3684 29.000000
3685 50.000000
3686 112.000000
3687 91.000000
3688 7.000000
3689 119.000000
3690 125.000000
3691 865.000000
3692 15.000000
3693 77.000000
3694 3760.000000
3695 12.000000
3696 18.000000
3697 123.000000
3698 186.000000
3699 1.000000
3700 324.000000
3701 261.000000
3702 322.000000
3703 141.000000
3704 106.000000
3705 2.000000
3706 442.000000
3707 32.000000
3708 95.000000
3709 135.000000
3710 146.000000
3711 431.000000
3712 969.000000
3713 100.000000
3714 58.000000
3715 1413.000000
3716 56.000000
3717 1.000000
3718 53.000000
3719 14.000000
3720 117.000000
3721 708.000000
3722 2.000000
3723 7.000000
3724 443.000000
3725 474.000000
3726 6.000000
3727 19.000000
3728 1451.000000
3729 5.000000
3730 109.000000
3731 118.000000
3732 84.000000
3733 29.000000
3734 1016.000000
3735 12.000000
3736 0.000000
3737 38.000000
3738 535.000000
3739 34.000000
3740 150.000000
3741 2029.000000
3742 14.000000
3743 325.000000
3744 105.000000
3745 310.000000
3746 86.000000
3747 0.000000
3748 229.000000
3749 47.000000
3750 257.000000
3751 53.000000
3752 899.000000
3753 563.000000
3754 1521.000000
3755 85.000000
3756 6.000000
3757 0.000000
3758 1244.000000
3759 684.000000
3760 40.000000
3761 10087.000000
3762 244.000000
3763 1923.000000
3764 0.000000
3765 6.000000
3766 21.000000
3767 31.000000
3768 45.000000
3769 1958.000000
3770 974.000000
3771 1122.000000
3772 717.000000
3773 66.000000
3774 638.000000
3775 599.000000
3776 291.000000
3777 3.000000
3778 990.000000
3779 279.000000
3780 375.000000
3781 246.000000
3782 691.000000
3783 3778.000000
3784 20.000000
3785 353.000000
3786 1178.000000
3787 19.000000
3788 2205.000000
3789 12.000000
3790 0.000000
3791 0.000000
3792 412.000000
3793 46.000000
3794 35.000000
3795 3.000000
3796 1177.000000
3797 158.000000
3798 277.000000
3799 88.000000
3800 174.000000
3801 446.000000
3802 37.000000
3803 44.000000
3804 2447.000000
3805 525.000000
3806 491.000000
3807 71.000000
3808 170.000000
3809 129.000000
3810 144.000000
3811 2450.000000
3812 13.000000
3813 843.000000
3814 228.000000
3815 91.000000
3816 280.000000
3817 229.000000
3818 545.000000
3819 10.000000
3820 69.000000
3821 536.000000
3822 63.000000
3823 357.000000
3824 149.000000
3825 274.000000
3826 273.000000
3827 26.000000
3828 77.000000
3829 199.000000
3830 28.000000
3831 177.000000
3832 194.000000
3833 28.000000
3834 325.000000
3835 52.000000
3836 272.000000
3837 545.000000
3838 598.000000
3839 136.000000
3840 14.000000
3841 734.000000
3842 28.000000
3843 11.000000
3844 792.000000
3845 115.000000
3846 52.000000
3847 126.000000
3848 2932.000000
3849 136.000000
3850 115.000000
3851 2825.000000
3852 200.000000
3853 67.000000
3854 11.000000
3855 265.000000
3856 192.000000
3857 369.000000
3858 3.000000
3859 55.000000
3860 38.000000
3861 370.000000
3862 14.000000
3863 259.000000
3864 412.000000
3865 45.000000
3866 750.000000
3867 22.000000
3868 8.000000
3869 195.000000
3870 50.000000
3871 11.000000
3872 295.000000
3873 218.000000
3874 203.000000
3875 33.000000
3876 160.000000
3877 87.000000
3878 77.000000
3879 249.000000
3880 234.000000
3881 24.000000
3882 1.000000
3883 221.000000
3884 679.000000
3885 36.000000
3886 25.000000
3887 326.000000
3888 180.000000
3889 57.000000
3890 175.000000
3891 124.000000
3892 609.000000
3893 286.000000
3894 55.000000
3895 32.000000
3896 118.000000
3897 0.000000
3898 147.000000
3899 196.000000
3900 160.000000
3901 57.000000
3902 330.000000
3903 1867.000000
3904 1873.000000
3905 333.000000
3906 73.000000
3907 2.000000
3908 86.000000
3909 454.000000
3910 36.000000
3911 165.000000
3912 130.000000
3913 2677.000000
3914 151.000000
3915 726.000000
3916 229.000000
3917 32.000000
3918 3.000000
3919 167.000000
3920 81.000000
3921 169.000000
3922 295.000000
3923 159.000000
3924 34.000000
3925 355.000000
3926 484.000000
3927 20.000000
3928 53.000000
3929 134.000000
3930 370.000000
3931 680.000000
3932 0.000000
3933 193.000000
3934 122.000000
3935 37.000000
3936 24.000000
3937 566.000000
3938 1395.000000
3939 146.000000
3940 30.000000
3941 2358.000000
3942 159.000000
3943 39.000000
3944 169.000000
3945 314.000000
3946 0.000000
3947 371.000000
3948 587.000000
3949 912.000000
3950 81.000000
3951 343.000000
3952 641.000000
3953 551.000000
3954 3160.000000
3955 13.000000
3956 15.000000
3957 159.000000
3958 0.000000
3959 110.000000
3960 1074.000000
3961 30.000000
3962 209.000000
3963 57.000000
3964 196.000000
3965 109.000000
3966 0.000000
3967 1.000000
3968 263.000000
3969 218.000000
3970 86.000000
3971 232.000000
3972 91.000000
3973 213.000000
3974 8.000000
3975 782.000000
3976 1404.000000
3977 93.000000
3978 224.000000
3979 307.000000
3980 34.000000
3981 66.000000
3982 48.000000
3983 428.000000
3984 13.000000
3985 18.000000
3986 8.000000
3987 179.000000
3988 850.000000
3989 4769.000000
3990 514.000000
3991 77.000000
3992 395.000000
3993 43.000000
3994 105.000000
3995 73.000000
3996 438.000000
3997 607.000000
3998 38.000000
3999 198.000000
4000 136.000000
4001 157.000000
4002 85.000000
4003 33.000000
4004 430.000000
4005 158.000000
4006 0.000000
4007 264.000000
4008 317.000000
4009 32.000000
4010 167.000000
4011 334.000000
4012 266.000000
4013 35.000000
4014 1.000000
4015 20.000000
4016 182.000000
4017 260.000000
4018 151.000000
4019 111.000000
4020 377.000000
4021 34.000000
4022 329.000000
4023 46.000000
4024 88.000000
4025 293.000000
4026 312.000000
4027 20.000000
4028 31.000000
4029 248.000000
4030 2238.000000
4031 134.000000
4032 74.000000
4033 285.000000
4034 141.000000
4035 379.000000
4036 80.000000
4037 190.000000
4038 77.000000
4039 128.000000
4040 54.000000
4041 1017.000000
4042 91.000000
4043 1283.000000
4044 1490.000000
4045 2.000000
4046 451.000000
4047 104.000000
4048 23.000000
4049 57.000000
4050 175.000000
4051 177.000000
4052 0.000000
4053 74.000000
4054 111.000000
4055 362.000000
4056 629.000000
4057 93.000000
4058 120.000000
4059 346.000000
4060 516.000000
4061 131.000000
4062 0.000000
4063 98.000000
4064 503.000000
4065 1.000000
4066 171.000000
4067 55.000000
4068 78.000000
4069 125.000000
4070 85.000000
4071 321.000000
4072 318.000000
4073 841.000000
4074 101.000000
4075 37.000000
4076 454.000000
4077 0.000000
4078 76.000000
4079 75.000000
4080 193.000000
4081 0.000000
4082 228.000000
4083 18.000000
4084 30.000000
4085 396.000000
4086 318.000000
4087 329.000000
4088 31.000000
4089 11.000000
4090 113.000000
4091 35.000000
4092 11.000000
4093 244.000000
4094 527.000000
4095 85.000000
4096 2011.000000
4097 2280.000000
4098 163.000000
4099 975.000000
4100 278.000000
4101 240.000000
4102 619.000000
4103 2088.000000
4104 1.000000
4105 27.000000
4106 933.000000
4107 333.000000
4108 55.000000
4109 86.000000
4110 35.000000
4111 1226.000000
4112 243.000000
4113 16.000000
4114 105.000000
4115 3.000000
4116 132.000000
4117 135.000000
4118 412.000000
4119 173.000000
4120 114.000000
4121 2.000000
4122 54.000000
4123 293.000000
4124 401.000000
4125 27.000000
4126 468.000000
4127 13.000000
4128 0.000000
4129 0.000000
4130 272.000000
4131 0.000000
4132 228.000000
4133 17.000000
4134 329.000000
4135 2007.000000
4136 20.000000
4137 614.000000
4138 0.000000
4139 0.000000
4140 3.000000
4141 10.000000
4142 180.000000
4143 30.000000
4144 132.000000
4145 260.000000
4146 614.000000
4147 55.000000
4148 94.000000
4149 594.000000
4150 114.000000
4151 56.000000
4152 607.000000
4153 1200.000000
4154 2012.000000
4155 272.000000
4156 229.000000
4157 128.000000
4158 136.000000
4159 6.000000
4160 1712.000000
4161 173.000000
4162 269.000000
4163 38.000000
4164 15.000000
4165 211.000000
4166 67.000000
4167 38.000000
4168 2712.000000
4169 0.000000
4170 483.000000
4171 730.000000
4172 125.000000
4173 31.000000
4174 254.000000
4175 649.000000
4176 3593.000000
4177 1950.000000
4178 273.000000
4179 14.000000
4180 0.000000
4181 599.000000
4182 886.000000
4183 202.000000
4184 85.000000
4185 36.000000
4186 33.000000
4187 77.000000
4188 41.000000
4189 43.000000
4190 127.000000
4191 172.000000
4192 211.000000
4193 165.000000
4194 38.000000
4195 183.000000
4196 82.000000
4197 568.000000
4198 82.000000
4199 808.000000
4200 170.000000
4201 113.000000
4202 21.000000
4203 161.000000
4204 261.000000
4205 40.000000
4206 2.000000
4207 123.000000
4208 116.000000
4209 223.000000
4210 157.000000
4211 128.000000
4212 2809.000000
4213 2.000000
4214 441.000000
4215 51.000000
4216 238.000000
4217 299.000000
4218 25.000000
4219 96.000000
4220 13.000000
4221 473.000000
4222 177.000000
4223 36.000000
4224 35.000000
4225 918.000000
4226 33.000000
4227 280.000000
4228 160.000000
4229 23.000000
4230 95.000000
4231 61.000000
4232 77.000000
4233 125.000000
4234 8.000000
4235 0.000000
4236 2.000000
4237 42.000000
4238 392.000000
4239 138.000000
4240 87.000000
4241 76.000000
4242 170.000000
4243 42.000000
4244 320.000000
4245 34.000000
4246 253.000000
4247 199.000000
4248 51.000000
4249 294.000000
4250 1.000000
4251 158.000000
4252 51.000000
4253 185.000000
4254 3154.000000
4255 291.000000
4256 897.000000
4257 238.000000
4258 14.000000
4259 43.000000
4260 70.000000
4261 0.000000
4262 73.000000
4263 383.000000
4264 3020.000000
4265 78.000000
4266 242.000000
4267 316.000000
4268 992.000000
4269 134.000000
4270 849.000000
4271 31.000000
4272 46.000000
4273 233.000000
4274 53.000000
4275 1826.000000
4276 72.000000
4277 3.000000
4278 7.000000
4279 234.000000
4280 52.000000
4281 504.000000
4282 1397.000000
4283 20.000000
4284 23.000000
4285 1148.000000
4286 41.000000
4287 260.000000
4288 171.000000
4289 231.000000
4290 184.000000
4291 185.000000
4292 10.000000
4293 342.000000
4294 617.000000
4295 78.000000
4296 4.000000
4297 294.000000
4298 118.000000
4299 2.000000
4300 471.000000
4301 64.000000
4302 157.000000
4303 263.000000
4304 1109.000000
4305 274.000000
4306 189.000000
4307 29.000000
4308 105.000000
4309 9.000000
4310 40.000000
4311 470.000000
4312 317.000000
4313 155.000000
4314 5921.000000
4315 324.000000
4316 18.000000
4317 1431.000000
4318 99.000000
4319 5.000000
4320 167.000000
4321 1725.000000
4322 117.000000
4323 168.000000
4324 12.000000
4325 46.000000
4326 2100.000000
4327 632.000000
4328 1096.000000
4329 106.000000
4330 155.000000
4331 697.000000
4332 985.000000
4333 149.000000
4334 374.000000
4335 28.000000
4336 68.000000
4337 616.000000
4338 259.000000
4339 222.000000
4340 944.000000
4341 162.000000
4342 445.000000
4343 240.000000
4344 63.000000
4345 917.000000
4346 6.000000
4347 179.000000
4348 194.000000
4349 1551.000000
4350 101.000000
4351 111.000000
4352 42.000000
4353 8.000000
4354 189.000000
4355 247.000000
4356 334.000000
4357 119.000000
4358 101.000000
4359 194.000000
4360 1206.000000
4361 123.000000
4362 7.000000
4363 1191.000000
4364 0.000000
4365 69.000000
4366 732.000000
4367 176.000000
4368 603.000000
4369 101.000000
4370 85.000000
4371 1032.000000
4372 138.000000
4373 70.000000
4374 242.000000
4375 0.000000
4376 0.000000
4377 2.000000
4378 113.000000
4379 414.000000
4380 226.000000
4381 139.000000
4382 153.000000
4383 272.000000
4384 75.000000
4385 0.000000
4386 57.000000
4387 368.000000
4388 103.000000
4389 1172.000000
4390 835.000000
4391 89.000000
4392 7054.000000
4393 214.000000
4394 776.000000
4395 161.000000
4396 59.000000
4397 533.000000
4398 409.000000
4399 2.000000
4400 165.000000
4401 47.000000
4402 100.000000
4403 59.000000
4404 260.000000
4405 548.000000
4406 552.000000
4407 232.000000
4408 211.000000
4409 1487.000000
4410 522.000000
4411 113.000000
4412 83.000000
4413 353.000000
4414 887.000000
4415 141.000000
4416 150.000000
4417 173.000000
4418 337.000000
4419 77.000000
4420 1031.000000
4421 39.000000
4422 2.000000
4423 71.000000
4424 129.000000
4425 211.000000
4426 324.000000
4427 111.000000
4428 179.000000
4429 0.000000
4430 4.000000
4431 142.000000
4432 295.000000
4433 102.000000
4434 1596.000000
4435 42.000000
4436 2.000000
4437 3765.000000
4438 269.000000
4439 138.000000
4440 0.000000
4441 5.000000
4442 180.000000
4443 37.000000
4444 65.000000
4445 49.000000
4446 250.000000
4447 0.000000
4448 277.000000
4449 70.000000
4450 57.000000
4451 8.000000
4452 252.000000
4453 2640.000000
4454 218.000000
4455 143.000000
4456 0.000000
4457 24.000000
4458 83.000000
4459 9.000000
4460 5640.000000
4461 152.000000
4462 323.000000
4463 3377.000000
4464 350.000000
4465 148.000000
4466 1636.000000
4467 426.000000
4468 87.000000
4469 170.000000
4470 425.000000
4471 86.000000
4472 31.000000
4473 293.000000
4474 144.000000
4475 3357.000000
4476 160.000000
4477 224.000000
4478 107.000000
4479 73.000000
4480 136.000000
4481 1118.000000
4482 751.000000
4483 1873.000000
4484 2130.000000
4485 1853.000000
4486 1.000000
4487 868.000000
4488 356.000000
4489 123.000000
4490 6403.000000
4491 345.000000
4492 0.000000
4493 1888.000000
4494 137.000000
4495 12.000000
4496 271.000000
4497 30.000000
4498 7.000000
4499 179.000000
4500 528.000000
4501 143.000000
4502 156.000000
4503 169.000000
4504 1246.000000
4505 85.000000
4506 24.000000
4507 1197.000000
4508 128.000000
4509 330.000000
4510 532.000000
4511 6.000000
4512 28.000000
4513 512.000000
4514 43.000000
4515 267.000000
4516 153.000000
4517 22.000000
4518 1.000000
4519 98.000000
4520 171.000000
4521 179.000000
4522 75.000000
4523 422.000000
4524 2405.000000
4525 139.000000
4526 264.000000
4527 1533.000000
4528 142.000000
4529 323.000000
4530 230.000000
4531 121.000000
4532 20.000000
4533 92.000000
4534 1111.000000
4535 1151.000000
4536 168.000000
4537 165.000000
4538 224.000000
4539 175.000000
4540 470.000000
4541 0.000000
4542 301.000000
4543 27.000000
4544 306.000000
4545 24.000000
4546 149.000000
4547 356.000000
4548 1173.000000
4549 201.000000
4550 0.000000
4551 273.000000
4552 327.000000
4553 94.000000
4554 201.000000
4555 12.000000
4556 0.000000
4557 221.000000
4558 18.000000
4559 310.000000
4560 268.000000
4561 52.000000
4562 49.000000
4563 42.000000
4564 160.000000
4565 13.000000
4566 252.000000
4567 44.000000
4568 106.000000
4569 125.000000
4570 755.000000
4571 0.000000
4572 460.000000
4573 25.000000
4574 519.000000
4575 86.000000
4576 509.000000
4577 247.000000
4578 34.000000
4579 22.000000
4580 3163.000000
4581 160.000000
4582 24.000000
4583 6.000000
4584 3973.000000
4585 113.000000
4586 209.000000
4587 2638.000000
4588 73.000000
4589 3.000000
4590 275.000000
4591 173.000000
4592 42.000000
4593 169.000000
4594 272.000000
4595 22.000000
4596 334.000000
4597 2.000000
4598 2840.000000
4599 151.000000
4600 956.000000
4601 796.000000
4602 166.000000
4603 418.000000
4604 42.000000
4605 959.000000
4606 42.000000
4607 1218.000000
4608 169.000000
4609 5.000000
4610 452.000000
4611 227.000000
4612 544.000000
4613 297.000000
4614 301.000000
4615 1309.000000
4616 0.000000
4617 465.000000
4618 133.000000
4619 440.000000
4620 0.000000
4621 308.000000
4622 335.000000
4623 152.000000
4624 55.000000
4625 100.000000
4626 286.000000
4627 2089.000000
4628 8.000000
4629 160.000000
4630 466.000000
4631 86.000000
4632 58.000000
4633 592.000000
4634 289.000000
4635 89.000000
4636 14.000000
4637 167.000000
4638 34.000000
4639 138.000000
4640 396.000000
4641 333.000000
4642 1389.000000
4643 249.000000
4644 745.000000
4645 2545.000000
4646 134.000000
4647 497.000000
4648 246.000000
4649 0.000000
4650 79.000000
4651 1853.000000
4652 6.000000
4653 395.000000
4654 411.000000
4655 111.000000
4656 99.000000
4657 189.000000
4658 1205.000000
4659 0.000000
4660 392.000000
4661 302.000000
4662 1991.000000
4663 628.000000
4664 27.000000
4665 466.000000
4666 100.000000
4667 141.000000
4668 1927.000000
4669 6445.000000
4670 77.000000
4671 176.000000
4672 38.000000
4673 1.000000
4674 1814.000000
4675 468.000000
4676 19.000000
4677 58.000000
4678 2.000000
4679 136.000000
4680 0.000000
4681 147.000000
4682 102.000000
4683 343.000000
4684 152.000000
4685 74.000000
4686 68.000000
4687 3.000000
4688 54.000000
4689 322.000000
4690 604.000000
4691 175.000000
4692 33.000000
4693 684.000000
4694 30.000000
4695 341.000000
4696 163.000000
4697 26.000000
4698 0.000000
4699 569.000000
4700 377.000000
4701 3120.000000
4702 317.000000
4703 825.000000
4704 49.000000
4705 127.000000
4706 227.000000
4707 46.000000
4708 25.000000
4709 414.000000
4710 136.000000
4711 321.000000
4712 1.000000
4713 63.000000
4714 243.000000
4715 251.000000
4716 255.000000
4717 125.000000
4718 300.000000
4719 177.000000
4720 366.000000
4721 993.000000
4722 410.000000
4723 20.000000
4724 40.000000
4725 513.000000
4726 323.000000
4727 0.000000
4728 544.000000
4729 1.000000
4730 826.000000
4731 152.000000
4732 91.000000
4733 37.000000
4734 3586.000000
4735 62.000000
4736 147.000000
4737 1562.000000
4738 163.000000
4739 56.000000
4740 580.000000
4741 942.000000
4742 240.000000
4743 71.000000
4744 36.000000
4745 75.000000
4746 46.000000
4747 238.000000
4748 142.000000
4749 368.000000
4750 71.000000
4751 265.000000
4752 658.000000
4753 89.000000
4754 14.000000
4755 3201.000000
4756 329.000000
4757 4239.000000
4758 1063.000000
4759 55.000000
4760 365.000000
4761 8.000000
4762 400.000000
4763 4.000000
4764 314.000000
4765 4850.000000
4766 180.000000
4767 81.000000
4768 449.000000
4769 0.000000
4770 113.000000
4771 408.000000
4772 141.000000
4773 41.000000
4774 311.000000
4775 283.000000
4776 48.000000
4777 137.000000
4778 220.000000
4779 196.000000
4780 1401.000000
4781 844.000000
4782 6.000000
4783 125.000000
4784 211.000000
4785 128.000000
4786 277.000000
4787 153.000000
4788 149.000000
4789 22.000000
4790 215.000000
4791 375.000000
4792 783.000000
4793 71.000000
4794 41.000000
4795 199.000000
4796 84.000000
4797 4584.000000
4798 101.000000
4799 90.000000
4800 281.000000
4801 101.000000
4802 382.000000
4803 249.000000
4804 160.000000
4805 5.000000
4806 433.000000
4807 391.000000
4808 536.000000
4809 1095.000000
4810 153.000000
4811 160.000000
4812 96.000000
4813 1111.000000
4814 351.000000
4815 903.000000
4816 204.000000
4817 26.000000
4818 247.000000
4819 821.000000
4820 33.000000
4821 64.000000
4822 473.000000
4823 92.000000
4824 63.000000
4825 16.000000
4826 107.000000
4827 227.000000
4828 111.000000
4829 1350.000000
4830 26.000000
4831 292.000000
4832 697.000000
4833 101.000000
4834 364.000000
4835 105.000000
4836 42.000000
4837 134.000000
4838 70.000000
4839 151.000000
4840 118.000000
4841 340.000000
4842 140.000000
4843 75.000000
4844 236.000000
4845 307.000000
4846 186.000000
4847 47.000000
4848 17.000000
4849 502.000000
4850 183.000000
4851 389.000000
4852 182.000000
4853 669.000000
4854 8.000000
4855 30.000000
4856 300.000000
4857 98.000000
4858 312.000000
4859 770.000000
4860 71.000000
4861 30.000000
4862 129.000000
4863 139.000000
4864 732.000000
4865 103.000000
4866 669.000000
4867 126.000000
4868 173.000000
4869 119.000000
4870 411.000000
4871 426.000000
4872 94.000000
4873 1504.000000
4874 1731.000000
4875 22.000000
4876 1334.000000
4877 558.000000
4878 242.000000
4879 850.000000
4880 821.000000
4881 123.000000
4882 157.000000
4883 135.000000
4884 169.000000
4885 28.000000
4886 168.000000
4887 0.000000
4888 57.000000
4889 5.000000
4890 0.000000
4891 1307.000000
4892 197.000000
4893 374.000000
4894 74.000000
4895 22.000000
4896 5.000000
4897 208.000000
4898 115.000000
4899 79.000000
4900 26.000000
4901 221.000000
4902 680.000000
4903 167.000000
4904 2556.000000
4905 133.000000
4906 55.000000
4907 18.000000
4908 231.000000
4909 114.000000
4910 36.000000
4911 92.000000
4912 243.000000
4913 21.000000
4914 499.000000
4915 24.000000
4916 282.000000
4917 188.000000
4918 28.000000
4919 2545.000000
4920 182.000000
4921 104.000000
4922 220.000000
4923 2304.000000
4924 735.000000
4925 154.000000
4926 65.000000
4927 80.000000
4928 0.000000
4929 200.000000
4930 54.000000
4931 1274.000000
4932 284.000000
4933 570.000000
4934 570.000000
4935 28.000000
4936 315.000000
4937 1144.000000
4938 26.000000
4939 62.000000
4940 26.000000
4941 99.000000
4942 159.000000
4943 0.000000
4944 107.000000
4945 40.000000
4946 4.000000
4947 167.000000
4948 73.000000
4949 1418.000000
4950 256.000000
4951 8209.000000
4952 28.000000
4953 121.000000
4954 157.000000
4955 0.000000
4956 138.000000
4957 6.000000
4958 1063.000000
4959 72.000000
4960 110.000000
4961 17.000000
4962 8.000000
4963 0.000000
4964 347.000000
4965 423.000000
4966 188.000000
4967 523.000000
4968 131.000000
4969 83.000000
4970 48.000000
4971 755.000000
4972 348.000000
4973 443.000000
4974 156.000000
4975 49.000000
4976 342.000000
4977 320.000000
4978 909.000000
4979 40.000000
4980 57.000000
4981 47.000000
4982 0.000000
4983 88.000000
4984 481.000000
4985 1987.000000
4986 502.000000
4987 16.000000
4988 115.000000
4989 48.000000
4990 399.000000
4991 64.000000
4992 566.000000
4993 239.000000
4994 576.000000
4995 163.000000
4996 84.000000
4997 203.000000
4998 113.000000
4999 22.000000
5000 75.000000
5001 118.000000
5002 8.000000
5003 214.000000
5004 33.000000
5005 5833.000000
5006 197.000000
5007 293.000000
5008 236.000000
5009 131.000000
5010 346.000000
5011 119.000000
5012 187.000000
5013 146.000000
5014 27.000000
5015 124.000000
5016 185.000000
5017 16.000000
5018 92.000000
5019 50.000000
5020 1.000000
5021 92.000000
5022 1505.000000
5023 140.000000
5024 307.000000
5025 109.000000
5026 70.000000
5027 207.000000
5028 109.000000
5029 189.000000
5030 1153.000000
5031 40.000000
5032 216.000000
5033 1848.000000
5034 244.000000
5035 290.000000
5036 99.000000
5037 334.000000
5038 1228.000000
5039 3.000000
5040 176.000000
5041 2.000000
5042 1.000000
5043 34.000000
5044 8.000000
5045 283.000000
5046 183.000000
5047 26.000000
5048 141.000000
5049 99.000000
5050 0.000000
5051 204.000000
5052 88.000000
5053 134.000000
5054 35.000000
5055 89.000000
5056 41.000000
5057 2439.000000
5058 11.000000
5059 1796.000000
5060 25.000000
5061 21.000000
5062 344.000000
5063 9241.000000
5064 229.000000
5065 169.000000
5066 63.000000
5067 3105.000000
5068 43.000000
5069 79.000000
5070 87.000000
5071 64.000000
5072 29.000000
5073 25.000000
5074 19.000000
5075 0.000000
5076 309.000000
5077 2.000000
5078 489.000000
5079 135.000000
5080 29.000000
5081 590.000000
5082 14.000000
5083 117.000000
5084 215.000000
5085 305.000000
5086 34.000000
5087 35.000000
5088 131.000000
5089 0.000000
5090 422.000000
5091 102.000000
5092 131.000000
5093 88.000000
5094 0.000000
5095 53.000000
5096 216.000000
5097 718.000000
5098 107.000000
5099 386.000000
5100 274.000000
5101 249.000000
5102 1451.000000
5103 108.000000
5104 58.000000
5105 98.000000
5106 14.000000
5107 279.000000
5108 123.000000
5109 49.000000
