3610 218.000000
3611 122.000000
3612 187.000000
3613 178.000000
3614 271.000000
3615 220.000000
3616 141.000000
3617 26.000000
3618 3074.000000
3619 292.000000
3620 99.000000
3621 375.000000
3622 148.000000
3623 1622.000000
3624 50.000000
3625 606.000000
3626 30.000000
3627 43.000000
3628 5.000000
3629 57.000000
3630 113.000000
3631 9.000000
3632 255.000000
3633 112.000000
3634 279.000000
3635 664.000000
3636 245.000000
3637 433.000000
3638 51.000000
3639 857.000000
3640 205.000000
3641 708.000000
3642 308.000000
3643 56.000000
3644 144.000000
3645 197.000000
3646 1236.000000
3647 24.000000
3648 126.000000
3649 39.000000
3650 400.000000
3651 157.000000
3652 0.000000
3653 83.000000
3654 81.000000
3655 37.000000
3656 103.000000
3657 334.000000
3658 611.000000
3659 116.000000
3660 82.000000
3661 170.000000
3662 2.000000
3663 998.000000
3664 187.000000
3665 80.000000
3666 6.000000
3667 52.000000
3668 390.000000
3669 0.000000
3670 482.000000
3671 14.000000
3672 69.000000
3673 83.000000
3674 27.000000
3675 438.000000
3676 40.000000
3677 53.000000
3678 177.000000
3679 197.000000
3680 46.000000
3681 125.000000
3682 800.000000
3683 755.000000
3684 24.000000
3685 47.000000
3686 95.000000
3687 82.000000
3688 5.000000
3689 92.000000
3690 126.000000
3691 574.000000
3692 8.000000
3693 67.000000
3694 3270.000000
3695 11.000000
3696 12.000000
3697 103.000000
3698 176.000000
3699 0.000000
3700 312.000000
3701 208.000000
3702 284.000000
3703 130.000000
3704 103.000000
3705 0.000000
3706 377.000000
3707 30.000000
3708 88.000000
3709 131.000000
3710 127.000000
3711 437.000000
3712 880.000000
3713 75.000000
3714 46.000000
3715 1281.000000
3716 41.000000
3717 0.000000
3718 33.000000
3719 14.000000
3720 112.000000
3721 548.000000
3722 0.000000
3723 6.000000
3724 359.000000
3725 431.000000
3726 4.000000
3727 19.000000
3728 976.000000
3729 5.000000
3730 90.000000
3731 110.000000
3732 58.000000
3733 27.000000
3734 908.000000
3735 12.000000
3736 0.000000
3737 30.000000
3738 482.000000
3739 26.000000
3740 123.000000
3741 1820.000000
3742 14.000000
3743 287.000000
3744 86.000000
3745 272.000000
3746 79.000000
3747 0.000000
3748 206.000000
3749 47.000000
3750 218.000000
3751 53.000000
3752 811.000000
3753 525.000000
3754 1097.000000
3755 80.000000
3756 1.000000
3757 0.000000
3758 1197.000000
3759 540.000000
3760 26.000000
3761 6573.000000
3762 208.000000
3763 1353.000000
3764 0.000000
3765 4.000000
3766 15.000000
3767 9.000000
3768 34.000000
3769 1015.000000
3770 716.000000
3771 1067.000000
3772 567.000000
3773 53.000000
3774 574.000000
3775 619.000000
3776 249.000000
3777 2.000000
3778 712.000000
3779 263.000000
3780 346.000000
3781 208.000000
3782 618.000000
3783 1873.000000
3784 20.000000
3785 309.000000
3786 1079.000000
3787 15.000000
3788 1151.000000
3789 11.000000
3790 0.000000
3791 0.000000
3792 358.000000
3793 44.000000
3794 30.000000
3795 3.000000
3796 1007.000000
3797 155.000000
3798 225.000000
3799 19.000000
3800 172.000000
3801 324.000000
3802 36.000000
3803 46.000000
3804 1410.000000
3805 496.000000
3806 495.000000
3807 63.000000
3808 163.000000
3809 100.000000
3810 114.000000
3811 2120.000000
3812 13.000000
3813 661.000000
3814 193.000000
3815 80.000000
3816 274.000000
3817 210.000000
3818 492.000000
3819 7.000000
3820 135.000000
3821 487.000000
3822 51.000000
3823 291.000000
3824 123.000000
3825 198.000000
3826 233.000000
3827 24.000000
3828 69.000000
3829 173.000000
3830 21.000000
3831 154.000000
3832 176.000000
3833 24.000000
3834 301.000000
3835 48.000000
3836 248.000000
3837 522.000000
3838 502.000000
3839 112.000000
3840 13.000000
3841 530.000000
3842 27.000000
3843 6.000000
3844 670.000000
3845 113.000000
3846 47.000000
3847 102.000000
3848 2450.000000
3849 124.000000
3850 101.000000
3851 1458.000000
3852 178.000000
3853 68.000000
3854 9.000000
3855 170.000000
3856 169.000000
3857 327.000000
3858 0.000000
3859 52.000000
3860 33.000000
3861 353.000000
3862 12.000000
3863 248.000000
3864 387.000000
3865 38.000000
3866 598.000000
3867 20.000000
3868 2.000000
3869 176.000000
3870 45.000000
3871 9.000000
3872 262.000000
3873 198.000000
3874 185.000000
3875 33.000000
3876 111.000000
3877 85.000000
3878 67.000000
3879 206.000000
3880 217.000000
3881 24.000000
3882 0.000000
3883 204.000000
3884 617.000000
3885 33.000000
3886 12.000000
3887 270.000000
3888 163.000000
3889 47.000000
3890 158.000000
3891 113.000000
3892 510.000000
3893 243.000000
3894 45.000000
3895 29.000000
3896 113.000000
3897 0.000000
3898 121.000000
3899 180.000000
3900 140.000000
3901 50.000000
3902 321.000000
3903 1770.000000
3904 1529.000000
3905 268.000000
3906 70.000000
3907 1.000000
3908 84.000000
3909 410.000000
3910 27.000000
3911 151.000000
3912 119.000000
3913 2007.000000
3914 112.000000
3915 736.000000
3916 194.000000
3917 26.000000
3918 0.000000
3919 147.000000
3920 67.000000
3921 150.000000
3922 280.000000
3923 138.000000
3924 35.000000
3925 303.000000
3926 490.000000
3927 19.000000
3928 51.000000
3929 124.000000
3930 317.000000
3931 572.000000
3932 0.000000
3933 184.000000
3934 102.000000
3935 30.000000
3936 21.000000
3937 552.000000
3938 1085.000000
3939 133.000000
3940 24.000000
3941 1868.000000
3942 158.000000
3943 36.000000
3944 148.000000
3945 280.000000
3946 0.000000
3947 356.000000
3948 433.000000
3949 686.000000
3950 72.000000
3951 311.000000
3952 569.000000
3953 552.000000
3954 2901.000000
3955 11.000000
3956 13.000000
3957 151.000000
3958 0.000000
3959 94.000000
3960 1020.000000
3961 27.000000
3962 123.000000
3963 47.000000
3964 133.000000
3965 92.000000
3966 0.000000
3967 1.000000
3968 257.000000
3969 190.000000
3970 81.000000
3971 208.000000
3972 75.000000
3973 188.000000
3974 7.000000
3975 684.000000
3976 1155.000000
3977 83.000000
3978 204.000000
3979 342.000000
3980 32.000000
3981 57.000000
3982 46.000000
3983 360.000000
3984 13.000000
3985 18.000000
3986 7.000000
3987 168.000000
3988 723.000000
3989 5140.000000
3990 466.000000
3991 67.000000
3992 342.000000
3993 38.000000
3994 99.000000
3995 71.000000
3996 360.000000
3997 594.000000
3998 34.000000
3999 161.000000
4000 105.000000
4001 135.000000
4002 51.000000
4003 32.000000
4004 413.000000
4005 149.000000
4006 0.000000
4007 242.000000
4008 267.000000
4009 12.000000
4010 137.000000
4011 270.000000
4012 241.000000
4013 32.000000
4014 1.000000
4015 17.000000
4016 131.000000
4017 236.000000
4018 132.000000
4019 93.000000
4020 302.000000
4021 29.000000
4022 282.000000
4023 43.000000
4024 76.000000
4025 249.000000
4026 276.000000
4027 16.000000
4028 26.000000
4029 202.000000
4030 1658.000000
4031 117.000000
4032 61.000000
4033 265.000000
4034 115.000000
4035 349.000000
4036 62.000000
4037 170.000000
4038 69.000000
4039 108.000000
4040 45.000000
4041 912.000000
4042 59.000000
4043 1167.000000
4044 1070.000000
4045 0.000000
4046 476.000000
4047 85.000000
4048 19.000000
4049 47.000000
4050 168.000000
4051 161.000000
4052 0.000000
4053 71.000000
4054 102.000000
4055 353.000000
4056 541.000000
4057 80.000000
4058 105.000000
4059 301.000000
4060 473.000000
4061 121.000000
4062 0.000000
4063 89.000000
4064 429.000000
4065 0.000000
4066 163.000000
4067 48.000000
4068 63.000000
4069 114.000000
4070 75.000000
4071 259.000000
4072 283.000000
4073 742.000000
4074 87.000000
4075 33.000000
4076 424.000000
4077 0.000000
4078 57.000000
4079 61.000000
4080 154.000000
4081 0.000000
4082 208.000000
4083 18.000000
4084 30.000000
4085 385.000000
4086 246.000000
4087 296.000000
4088 31.000000
4089 10.000000
4090 99.000000
4091 33.000000
4092 8.000000
4093 233.000000
4094 438.000000
4095 69.000000
4096 1438.000000
4097 1308.000000
4098 160.000000
4099 586.000000
4100 259.000000
4101 210.000000
4102 470.000000
4103 1689.000000
4104 1.000000
4105 26.000000
4106 693.000000
4107 309.000000
4108 41.000000
4109 61.000000
4110 31.000000
4111 1131.000000
4112 197.000000
4113 5.000000
4114 77.000000
4115 1.000000
4116 122.000000
4117 108.000000
4118 362.000000
4119 163.000000
4120 90.000000
4121 2.000000
4122 48.000000
4123 243.000000
4124 408.000000
4125 24.000000
4126 402.000000
4127 10.000000
4128 0.000000
4129 0.000000
4130 252.000000
4131 0.000000
4132 195.000000
4133 11.000000
4134 279.000000
4135 1710.000000
4136 20.000000
4137 632.000000
4138 0.000000
4139 0.000000
4140 6.000000
4141 9.000000
4142 170.000000
4143 30.000000
4144 130.000000
4145 246.000000
4146 512.000000
4147 52.000000
4148 82.000000
4149 499.000000
4150 109.000000
4151 50.000000
4152 445.000000
4153 1081.000000
4154 1838.000000
4155 234.000000
4156 196.000000
4157 125.000000
4158 118.000000
4159 4.000000
4160 511.000000
4161 153.000000
4162 250.000000
4163 35.000000
4164 15.000000
4165 190.000000
4166 58.000000
4167 35.000000
4168 2418.000000
4169 0.000000
4170 457.000000
4171 692.000000
4172 115.000000
4173 24.000000
4174 186.000000
4175 563.000000
4176 2402.000000
4177 1366.000000
4178 268.000000
4179 13.000000
4180 0.000000
4181 511.000000
4182 783.000000
4183 184.000000
4184 60.000000
4185 32.000000
4186 29.000000
4187 73.000000
4188 41.000000
4189 42.000000
4190 122.000000
4191 146.000000
4192 203.000000
4193 132.000000
4194 33.000000
4195 156.000000
4196 74.000000
4197 413.000000
4198 77.000000
4199 624.000000
4200 168.000000
4201 95.000000
4202 16.000000
4203 148.000000
4204 237.000000
4205 38.000000
4206 1.000000
4207 108.000000
4208 112.000000
4209 183.000000
4210 143.000000
4211 99.000000
4212 2654.000000
4213 2.000000
4214 420.000000
4215 44.000000
4216 229.000000
4217 272.000000
4218 25.000000
4219 86.000000
4220 12.000000
4221 434.000000
4222 170.000000
4223 31.000000
4224 33.000000
4225 635.000000
4226 34.000000
4227 265.000000
4228 149.000000
4229 23.000000
4230 82.000000
4231 55.000000
4232 72.000000
4233 117.000000
4234 8.000000
4235 0.000000
4236 2.000000
4237 40.000000
4238 315.000000
4239 124.000000
4240 71.000000
4241 67.000000
4242 141.000000
4243 38.000000
4244 312.000000
4245 30.000000
4246 211.000000
4247 173.000000
4248 39.000000
4249 236.000000
4250 0.000000
4251 139.000000
4252 45.000000
4253 174.000000
4254 1689.000000
4255 278.000000
4256 678.000000
4257 221.000000
4258 9.000000
4259 41.000000
4260 36.000000
4261 0.000000
4262 73.000000
4263 347.000000
4264 1833.000000
4265 73.000000
4266 205.000000
4267 264.000000
4268 761.000000
4269 132.000000
4270 661.000000
4271 29.000000
4272 45.000000
4273 229.000000
4274 52.000000
4275 1687.000000
4276 67.000000
4277 2.000000
4278 4.000000
4279 220.000000
4280 50.000000
4281 526.000000
4282 1247.000000
4283 17.000000
4284 19.000000
4285 1037.000000
4286 35.000000
4287 196.000000
4288 152.000000
4289 195.000000
4290 172.000000
4291 178.000000
4292 10.000000
4293 331.000000
4294 506.000000
4295 67.000000
4296 3.000000
4297 277.000000
4298 112.000000
4299 0.000000
4300 422.000000
4301 58.000000
4302 122.000000
4303 262.000000
4304 1033.000000
4305 254.000000
4306 163.000000
4307 19.000000
4308 103.000000
4309 9.000000
4310 36.000000
4311 425.000000
4312 281.000000
4313 113.000000
4314 3280.000000
4315 288.000000
4316 10.000000
4317 1235.000000
4318 97.000000
4319 2.000000
4320 134.000000
4321 1319.000000
4322 115.000000
4323 138.000000
4324 10.000000
4325 43.000000
4326 1863.000000
4327 560.000000
4328 887.000000
4329 99.000000
4330 151.000000
4331 621.000000
4332 939.000000
4333 129.000000
4334 353.000000
4335 25.000000
4336 63.000000
4337 548.000000
4338 241.000000
4339 171.000000
4340 816.000000
4341 155.000000
4342 411.000000
4343 218.000000
4344 52.000000
4345 799.000000
4346 6.000000
4347 158.000000
4348 180.000000
4349 1071.000000
4350 84.000000
4351 99.000000
4352 39.000000
4353 6.000000
4354 161.000000
4355 222.000000
4356 443.000000
4357 105.000000
4358 94.000000
4359 173.000000
4360 1294.000000
4361 93.000000
4362 7.000000
4363 554.000000
4364 0.000000
4365 51.000000
4366 655.000000
4367 158.000000
4368 551.000000
4369 95.000000
4370 83.000000
4371 900.000000
4372 133.000000
4373 64.000000
4374 220.000000
4375 0.000000
4376 0.000000
4377 2.000000
4378 108.000000
4379 358.000000
4380 206.000000
4381 104.000000
4382 115.000000
4383 248.000000
4384 65.000000
4385 0.000000
4386 50.000000
4387 342.000000
4388 88.000000
4389 1024.000000
4390 760.000000
4391 72.000000
4392 3633.000000
4393 197.000000
4394 607.000000
4395 154.000000
4396 53.000000
4397 449.000000
4398 368.000000
4399 2.000000
4400 158.000000
4401 39.000000
4402 88.000000
4403 35.000000
4404 248.000000
4405 457.000000
4406 336.000000
4407 199.000000
4408 164.000000
4409 1247.000000
4410 476.000000
4411 94.000000
4412 70.000000
4413 329.000000
4414 991.000000
4415 121.000000
4416 129.000000
4417 162.000000
4418 252.000000
4419 63.000000
4420 851.000000
4421 38.000000
4422 2.000000
4423 70.000000
4424 118.000000
4425 200.000000
4426 299.000000
4427 95.000000
4428 140.000000
4429 0.000000
4430 4.000000
4431 112.000000
4432 250.000000
4433 97.000000
4434 1319.000000
4435 39.000000
4436 1.000000
4437 2788.000000
4438 226.000000
4439 115.000000
4440 0.000000
4441 5.000000
4442 156.000000
4443 33.000000
4444 58.000000
4445 50.000000
4446 210.000000
4447 0.000000
4448 241.000000
4449 60.000000
4450 48.000000
4451 7.000000
4452 234.000000
4453 2181.000000
4454 185.000000
4455 134.000000
4456 0.000000
4457 24.000000
4458 67.000000
4459 6.000000
4460 3719.000000
4461 118.000000
4462 283.000000
4463 1952.000000
4464 337.000000
4465 126.000000
4466 1444.000000
4467 354.000000
4468 100.000000
4469 147.000000
4470 385.000000
4471 75.000000
4472 28.000000
4473 270.000000
4474 116.000000
4475 2640.000000
4476 153.000000
4477 171.000000
4478 92.000000
4479 64.000000
4480 123.000000
4481 972.000000
4482 652.000000
4483 1684.000000
4484 2018.000000
4485 1124.000000
4486 1.000000
4487 670.000000
4488 328.000000
4489 112.000000
4490 4182.000000
4491 272.000000
4492 0.000000
4493 1507.000000
4494 126.000000
4495 9.000000
4496 227.000000
4497 23.000000
4498 4.000000
4499 165.000000
4500 512.000000
4501 140.000000
4502 133.000000
4503 134.000000
4504 935.000000
4505 59.000000
4506 25.000000
4507 890.000000
4508 116.000000
4509 252.000000
4510 550.000000
4511 3.000000
4512 25.000000
4513 466.000000
4514 38.000000
4515 237.000000
4516 138.000000
4517 20.000000
4518 0.000000
4519 87.000000
4520 139.000000
4521 133.000000
4522 63.000000
4523 394.000000
4524 1916.000000
4525 119.000000
4526 260.000000
4527 1256.000000
4528 115.000000
4529 279.000000
4530 207.000000
4531 109.000000
4532 18.000000
4533 83.000000
4534 792.000000
4535 879.000000
4536 157.000000
4537 147.000000
4538 199.000000
4539 158.000000
4540 498.000000
4541 0.000000
4542 266.000000
4543 28.000000
4544 261.000000
4545 20.000000
4546 121.000000
4547 295.000000
4548 1020.000000
4549 182.000000
4550 0.000000
4551 213.000000
4552 317.000000
4553 87.000000
4554 183.000000
4555 10.000000
4556 0.000000
4557 213.000000
4558 15.000000
4559 240.000000
4560 245.000000
4561 53.000000
4562 43.000000
4563 42.000000
4564 151.000000
4565 5.000000
4566 236.000000
4567 39.000000
4568 92.000000
4569 108.000000
4570 532.000000
4571 0.000000
4572 407.000000
4573 25.000000
4574 481.000000
4575 69.000000
4576 443.000000
4577 223.000000
4578 33.000000
4579 22.000000
4580 2191.000000
4581 134.000000
4582 24.000000
4583 6.000000
4584 2820.000000
4585 96.000000
4586 166.000000
4587 1982.000000
4588 66.000000
4589 2.000000
4590 242.000000
4591 165.000000
4592 42.000000
4593 139.000000
4594 242.000000
4595 15.000000
4596 314.000000
4597 1.000000
4598 2443.000000
4599 115.000000
4600 860.000000
4601 526.000000
4602 150.000000
4603 389.000000
4604 34.000000
4605 678.000000
4606 41.000000
4607 1122.000000
4608 144.000000
4609 0.000000
4610 404.000000
4611 204.000000
4612 423.000000
4613 258.000000
4614 290.000000
4615 901.000000
4616 0.000000
4617 387.000000
4618 122.000000
4619 379.000000
4620 0.000000
4621 259.000000
4622 316.000000
4623 121.000000
4624 52.000000
4625 90.000000
4626 226.000000
4627 1938.000000
4628 7.000000
4629 151.000000
4630 436.000000
4631 75.000000
4632 44.000000
4633 553.000000
4634 265.000000
4635 80.000000
4636 12.000000
4637 146.000000
4638 34.000000
4639 106.000000
4640 350.000000
4641 286.000000
4642 1151.000000
4643 224.000000
4644 657.000000
4645 2266.000000
4646 112.000000
4647 452.000000
4648 235.000000
4649 0.000000
4650 74.000000
4651 1617.000000
4652 4.000000
4653 348.000000
4654 372.000000
4655 80.000000
4656 93.000000
4657 131.000000
4658 1026.000000
4659 0.000000
4660 435.000000
4661 262.000000
4662 1828.000000
4663 573.000000
4664 25.000000
4665 462.000000
4666 64.000000
4667 121.000000
4668 1548.000000
4669 3910.000000
4670 54.000000
4671 154.000000
4672 34.000000
4673 0.000000
4674 1693.000000
4675 433.000000
4676 17.000000
4677 54.000000
4678 1.000000
4679 120.000000
4680 0.000000
4681 127.000000
4682 99.000000
4683 308.000000
4684 116.000000
4685 68.000000
4686 59.000000
4687 1.000000
4688 49.000000
4689 286.000000
4690 379.000000
4691 162.000000
4692 30.000000
4693 675.000000
4694 29.000000
4695 267.000000
4696 128.000000
4697 22.000000
4698 0.000000
4699 426.000000
4700 335.000000
4701 1331.000000
4702 302.000000
4703 678.000000
4704 42.000000
4705 111.000000
4706 195.000000
4707 42.000000
4708 24.000000
4709 373.000000
4710 114.000000
4711 254.000000
4712 0.000000
4713 49.000000
4714 199.000000
4715 213.000000
4716 221.000000
4717 112.000000
4718 251.000000
4719 164.000000
4720 336.000000
4721 948.000000
4722 394.000000
4723 16.000000
4724 34.000000
4725 440.000000
4726 272.000000
4727 0.000000
4728 494.000000
4729 1.000000
4730 689.000000
4731 134.000000
4732 88.000000
4733 26.000000
4734 3260.000000
4735 59.000000
4736 123.000000
4737 1203.000000
4738 158.000000
4739 49.000000
4740 530.000000
4741 901.000000
4742 202.000000
4743 64.000000
4744 35.000000
4745 60.000000
4746 44.000000
4747 208.000000
4748 121.000000
4749 376.000000
4750 71.000000
4751 287.000000
4752 606.000000
4753 85.000000
4754 13.000000
4755 2193.000000
4756 309.000000
4757 3860.000000
4758 795.000000
4759 48.000000
4760 304.000000
4761 8.000000
4762 359.000000
4763 3.000000
4764 305.000000
4765 4504.000000
4766 164.000000
4767 74.000000
4768 358.000000
4769 0.000000
4770 88.000000
4771 352.000000
4772 131.000000
4773 33.000000
4774 288.000000
4775 250.000000
4776 41.000000
4777 125.000000
4778 174.000000
4779 175.000000
4780 1102.000000
4781 795.000000
4782 6.000000
4783 109.000000
4784 179.000000
4785 114.000000
4786 243.000000
4787 145.000000
4788 127.000000
4789 20.000000
4790 211.000000
4791 345.000000
4792 687.000000
4793 68.000000
4794 37.000000
4795 195.000000
4796 77.000000
4797 3050.000000
4798 96.000000
4799 76.000000
4800 244.000000
4801 95.000000
4802 329.000000
4803 210.000000
4804 150.000000
4805 5.000000
4806 321.000000
4807 392.000000
4808 424.000000
4809 1064.000000
4810 144.000000
4811 145.000000
4812 75.000000
4813 1027.000000
4814 304.000000
4815 560.000000
4816 190.000000
4817 23.000000
4818 192.000000
4819 631.000000
4820 32.000000
4821 57.000000
4822 469.000000
4823 72.000000
4824 54.000000
4825 16.000000
4826 90.000000
4827 207.000000
4828 104.000000
4829 1024.000000
4830 21.000000
4831 239.000000
4832 612.000000
4833 96.000000
4834 343.000000
4835 79.000000
4836 36.000000
4837 94.000000
4838 62.000000
4839 149.000000
4840 92.000000
4841 330.000000
4842 108.000000
4843 64.000000
4844 200.000000
4845 264.000000
4846 146.000000
4847 42.000000
4848 16.000000
4849 437.000000
4850 153.000000
4851 339.000000
4852 160.000000
4853 625.000000
4854 4.000000
4855 27.000000
4856 285.000000
4857 85.000000
4858 288.000000
4859 596.000000
4860 64.000000
4861 11.000000
4862 115.000000
4863 124.000000
4864 713.000000
4865 85.000000
4866 593.000000
4867 115.000000
4868 145.000000
4869 100.000000
4870 360.000000
4871 398.000000
4872 92.000000
4873 1078.000000
4874 1598.000000
4875 20.000000
4876 970.000000
4877 468.000000
4878 183.000000
4879 679.000000
4880 503.000000
4881 109.000000
4882 141.000000
4883 117.000000
4884 157.000000
4885 25.000000
4886 157.000000
4887 0.000000
4888 52.000000
4889 5.000000
4890 0.000000
4891 1072.000000
4892 182.000000
4893 206.000000
4894 74.000000
4895 16.000000
4896 3.000000
4897 192.000000
4898 100.000000
4899 75.000000
4900 24.000000
4901 194.000000
4902 496.000000
4903 157.000000
4904 2138.000000
4905 111.000000
4906 49.000000
4907 17.000000
4908 203.000000
4909 93.000000
4910 29.000000
4911 86.000000
4912 363.000000
4913 18.000000
4914 458.000000
4915 16.000000
4916 265.000000
4917 172.000000
4918 28.000000
4919 2265.000000
4920 167.000000
4921 90.000000
4922 174.000000
4923 1110.000000
4924 605.000000
4925 133.000000
4926 59.000000
4927 81.000000
4928 0.000000
4929 182.000000
4930 42.000000
4931 881.000000
4932 237.000000
4933 507.000000
4934 501.000000
4935 28.000000
4936 249.000000
4937 1063.000000
4938 24.000000
4939 53.000000
4940 23.000000
4941 95.000000
4942 135.000000
4943 0.000000
4944 95.000000
4945 35.000000
4946 4.000000
4947 150.000000
4948 56.000000
4949 1115.000000
4950 237.000000
4951 5293.000000
4952 27.000000
4953 108.000000
4954 148.000000
4955 0.000000
4956 125.000000
4957 2.000000
4958 926.000000
4959 60.000000
4960 94.000000
4961 17.000000
4962 5.000000
4963 0.000000
4964 304.000000
4965 383.000000
4966 181.000000
4967 495.000000
4968 115.000000
4969 65.000000
4970 42.000000
4971 639.000000
4972 284.000000
4973 443.000000
4974 144.000000
4975 49.000000
4976 290.000000
4977 344.000000
4978 845.000000
4979 33.000000
4980 53.000000
4981 41.000000
4982 0.000000
4983 66.000000
4984 459.000000
4985 1455.000000
4986 470.000000
4987 9.000000
4988 104.000000
4989 48.000000
4990 383.000000
4991 52.000000
4992 453.000000
4993 212.000000
4994 375.000000
4995 148.000000
4996 76.000000
4997 168.000000
4998 97.000000
4999 22.000000
5000 58.000000
5001 110.000000
5002 3.000000
5003 205.000000
5004 28.000000
5005 3334.000000
5006 192.000000
5007 278.000000
5008 225.000000
5009 125.000000
5010 299.000000
5011 107.000000
5012 168.000000
5013 122.000000
5014 25.000000
5015 100.000000
5016 163.000000
5017 15.000000
5018 79.000000
5019 49.000000
5020 1.000000
5021 83.000000
5022 1164.000000
5023 114.000000
5024 290.000000
5025 94.000000
5026 63.000000
5027 188.000000
5028 102.000000
5029 173.000000
5030 846.000000
5031 30.000000
5032 151.000000
5033 1518.000000
5034 204.000000
5035 277.000000
5036 83.000000
5037 308.000000
5038 1065.000000
5039 3.000000
5040 150.000000
5041 2.000000
5042 0.000000
5043 31.000000
5044 6.000000
5045 266.000000
5046 176.000000
5047 18.000000
5048 124.000000
5049 93.000000
5050 0.000000
5051 166.000000
5052 74.000000
5053 130.000000
5054 35.000000
5055 62.000000
5056 34.000000
5057 1949.000000
5058 8.000000
5059 1225.000000
5060 20.000000
5061 18.000000
5062 338.000000
5063 5931.000000
5064 194.000000
5065 149.000000
5066 61.000000
5067 2848.000000
5068 37.000000
5069 80.000000
5070 76.000000
5071 53.000000
5072 27.000000
5073 25.000000
5074 19.000000
5075 0.000000
5076 248.000000
5077 2.000000
5078 397.000000
5079 120.000000
5080 25.000000
5081 533.000000
5082 13.000000
5083 109.000000
5084 201.000000
5085 282.000000
5086 34.000000
5087 35.000000
5088 110.000000
5089 0.000000
5090 381.000000
5091 79.000000
5092 105.000000
5093 79.000000
5094 0.000000
5095 48.000000
5096 187.000000
5097 662.000000
5098 105.000000
5099 390.000000
5100 252.000000
5101 217.000000
5102 1189.000000
5103 101.000000
5104 50.000000
5105 96.000000
5106 12.000000
5107 261.000000
5108 106.000000
5109 45.000000
